1 0 0 0 0 1 0 0 0 0 1 0 
0.99909 -0.000275805 0.0426539 0.0718375 0.000371631 0.999997 -0.00223868 -0.0235928 -0.0426532 0.00225249 0.999087 0.996792 
0.996283 -0.0046561 0.0860166 0.258244 0.00528807 0.999961 -0.00712068 -0.0238789 -0.0859801 0.00754907 0.996268 1.91398 
0.991443 -0.00294385 0.130503 0.499044 0.00426404 0.999943 -0.00983783 -0.131917 -0.130467 0.0103101 0.991399 2.94784 
0.984605 -0.00205612 0.174784 0.727656 0.00431952 0.999912 -0.0125703 -0.139916 -0.174742 0.0131318 0.984527 3.87925 
0.975435 -0.00542296 0.220219 0.985751 0.00843703 0.999883 -0.0127485 -0.16863 -0.220124 0.0142933 0.975367 4.99852 
0.964438 -0.00581549 0.264243 1.48773 0.00991989 0.99985 -0.014201 -0.204366 -0.264121 0.0163172 0.964351 6.21694 
0.951452 -0.00838044 0.307682 1.80599 0.0141244 0.999765 -0.0164464 -0.238985 -0.307472 0.0199938 0.951347 7.17484 
0.936964 -0.00677709 0.349359 2.54439 0.0134847 0.999768 -0.0167712 -0.419547 -0.349165 0.020425 0.936839 8.55432 
0.920263 -0.0064614 0.391247 2.91619 0.0141416 0.99976 -0.0167519 -0.473818 -0.391045 0.020949 0.920133 9.38433 
0.901532 -0.00966356 0.432605 3.43934 0.0185565 0.999694 -0.0163398 -0.493862 -0.432315 0.0227585 0.901435 10.3903 
0.879858 -0.00763528 0.475175 3.98053 0.0171298 0.999731 -0.0156544 -0.494288 -0.474928 0.0219133 0.879752 11.449 
0.856401 -0.00735446 0.516258 4.57528 0.0172548 0.999748 -0.0143812 -0.565288 -0.516022 0.021224 0.856312 12.3978 
0.831577 -0.00733652 0.555361 5.20886 0.0184331 0.999726 -0.0143944 -0.577976 -0.555103 0.0222071 0.831485 13.2377 
0.805157 -0.011132 0.592957 5.94009 0.023616 0.999633 -0.0133007 -0.684616 -0.592591 0.0247124 0.805124 14.1378 
0.776598 -0.00877797 0.629936 6.71562 0.0225303 0.99965 -0.013846 -0.741901 -0.629594 0.0249454 0.776524 15.1299 
0.746161 -0.0120086 0.665658 7.44888 0.0274009 0.999544 -0.0126828 -0.76885 -0.665202 0.027703 0.74615 16.0214 
0.71425 -0.0104368 0.699813 8.1782 0.0263945 0.999579 -0.0120316 -0.818421 -0.699393 0.0270648 0.714225 16.7491 
0.680085 -0.00852022 0.733084 9.05173 0.0261864 0.999577 -0.0126757 -0.9112 -0.732665 0.0278173 0.68002 17.5854 
0.644643 -0.0103212 0.764414 9.95483 0.0305804 0.999457 -0.0122942 -1.02125 -0.763872 0.0313014 0.644609 18.3903 
0.607818 -0.00716461 0.794044 10.8331 0.0285832 0.999509 -0.0128611 -1.03857 -0.793561 0.0305135 0.607725 19.0784 
0.570177 -0.00661038 0.821495 11.7306 0.0325611 0.999364 -0.0145581 -1.06218 -0.820877 0.0350495 0.570029 19.7674 
0.533034 -0.00560045 0.846076 12.7119 0.037785 0.999138 -0.0171912 -1.12635 -0.84525 0.0411325 0.532786 20.2353 
0.493806 -0.00412025 0.869562 13.7716 0.0387501 0.9991 -0.0172713 -1.17231 -0.868708 0.0422243 0.493521 20.9324 
0.456056 -0.00628634 0.889929 14.8396 0.044115 0.998905 -0.0155512 -1.23546 -0.888857 0.0463514 0.455834 21.4336 
0.418911 -0.00716465 0.907999 16.1348 0.0482414 0.998732 -0.0143759 -1.33131 -0.906745 0.0498254 0.418726 22.091 
0.384162 -0.00486692 0.923253 17.0186 0.0482392 0.998726 -0.0148073 -1.38294 -0.922005 0.0502254 0.383907 22.3753 
0.351873 -0.00631682 0.936026 18.1745 0.0482413 0.998771 -0.0113947 -1.4989 -0.934804 0.0491646 0.351746 22.6875 
0.318275 -0.00741299 0.947969 19.4507 0.0511771 0.998646 -0.00937316 -1.47345 -0.946616 0.0514976 0.318224 23.198 
0.287461 -0.00773829 0.957761 21.2095 0.0530341 0.998562 -0.00784962 -1.5621 -0.956323 0.0530505 0.287458 23.4684 
0.255383 -0.00455947 0.966829 22.5211 0.0511166 0.998654 -0.00879265 -1.59166 -0.965488 0.0516665 0.255272 23.857 
0.225738 -0.00321657 0.974183 23.5696 0.0511657 0.998654 -0.00855877 -1.62304 -0.972843 0.0517768 0.225599 23.9506 
0.19671 -0.00333717 0.980456 24.7931 0.0545394 0.998483 -0.00754379 -1.62242 -0.978944 0.0549575 0.196594 24.0359 
0.166589 -0.00382122 0.986019 26.0617 0.0558808 0.998422 -0.00557186 -1.69023 -0.984442 0.0560277 0.16654 24.2226 
0.137811 -0.00411672 0.99045 27.0554 0.0559151 0.998429 -0.00363015 -1.54114 -0.988879 0.0558814 0.137825 24.1525 
0.109583 -0.00445366 0.993968 28.4023 0.0572398 0.998359 -0.00183724 -1.54752 -0.992328 0.0570958 0.109658 24.1935 
0.0825145 -0.00436193 0.99658 29.6867 0.0586268 0.99828 -0.000484798 -1.57852 -0.994864 0.0584663 0.0826283 24.2428 
0.0574897 -0.00531565 0.998332 31.0746 0.0592936 0.998239 0.00190069 -1.78834 -0.996584 0.0590855 0.0577036 24.2269 
0.0352855 -0.00480897 0.999366 32.4367 0.0642823 0.997929 0.00253238 -1.82973 -0.997308 0.0641521 0.0355216 24.1839 
0.0154898 -0.00477943 0.999869 33.9836 0.0739528 0.997255 0.00362127 -1.73485 -0.997141 0.073887 0.0158007 24.2552 
-0.00210604 -0.00659626 0.999976 35.5247 0.0762486 0.997066 0.00673765 -1.88152 -0.997087 0.076261 -0.00159691 24.149 
-0.0169859 -0.00666852 0.999833 38.082 0.083615 0.996465 0.00806657 -2.01868 -0.996353 0.0837381 -0.0163683 24.0898 
-0.0315254 -0.00712465 0.999478 39.4239 0.0859847 0.996248 0.00981375 -1.99409 -0.995798 0.0862491 -0.0307945 24.0598 
-0.0442966 -0.00902066 0.998978 40.7551 0.0864697 0.996172 0.0128296 -2.0186 -0.995269 0.0869496 -0.043347 23.945 
-0.0555294 -0.00966956 0.99841 42.3895 0.0821423 0.996519 0.0142198 -2.1266 -0.995072 0.0828013 -0.0545418 23.6425 
-0.0676795 -0.0068904 0.997683 44.0493 0.0816988 0.99658 0.012425 -2.10681 -0.994356 0.0823505 -0.0668851 23.5457 
-0.0774527 -0.00414719 0.996987 45.3934 0.0828334 0.996507 0.0105803 -2.16393 -0.993549 0.0834034 -0.0768387 23.4045 
-0.0863911 -0.00303978 0.996257 46.9395 0.0817801 0.996599 0.0101324 -2.28254 -0.992899 0.0823493 -0.0858487 23.1416 
-0.0956791 -0.00110754 0.995412 48.4157 0.080602 0.996707 0.00885645 -2.1674 -0.992144 0.0810796 -0.0952747 23.1494 
-0.100806 0.000299986 0.994906 50.3427 0.0842814 0.996408 0.00823916 -2.19059 -0.99133 0.0846826 -0.100469 23.0346 
-0.104624 0.000256073 0.994512 52.1115 0.0821301 0.996586 0.00838362 -2.32161 -0.991115 0.0825564 -0.104288 22.5954 
-0.109005 0.00206579 0.994039 53.5173 0.0830253 0.996523 0.00703346 -2.32542 -0.990568 0.083297 -0.108797 22.4491 
-0.113736 0.00192896 0.993509 55.181 0.0834713 0.996481 0.00762095 -2.41016 -0.989998 0.0837963 -0.113496 22.3408 
-0.116301 0.000492616 0.993214 56.6625 0.0823946 0.996558 0.0091538 -2.39244 -0.98979 0.0829 -0.115942 22.0401 
-0.119124 -0.000843611 0.992879 58.74 0.080822 0.996673 0.0105438 -2.35312 -0.989584 0.0815025 -0.11866 21.8892 
-0.121116 -0.00383157 0.992631 60.1508 0.0816298 0.996567 0.0138068 -2.51513 -0.989276 0.0827005 -0.120387 21.6729 
-0.123369 -0.00271035 0.992357 61.7894 0.0849441 0.996297 0.0132813 -2.48327 -0.988719 0.0859334 -0.122682 21.4935 
-0.123772 -0.0032532 0.992305 63.3831 0.0835811 0.996407 0.0136919 -2.46319 -0.988784 0.0846327 -0.123056 21.228 
-0.128239 -0.00321149 0.991738 66.6595 0.0834957 0.996409 0.0140232 -2.87504 -0.988222 0.0846042 -0.12751 21.4766 
-0.126986 -0.00247643 0.991901 66.9524 0.0853406 0.996262 0.0134129 -2.57846 -0.988226 0.0863527 -0.1263 21.0405 
-0.124472 -0.00272774 0.992219 69.1664 0.086143 0.996191 0.0135451 -2.77475 -0.988477 0.0871587 -0.123763 20.5028 
-0.129345 -0.00517541 0.991586 73.6182 0.082446 0.996468 0.0159553 -3.57456 -0.988166 0.083816 -0.128461 21.197 
-0.12785 -0.00656312 0.991772 75.2155 0.0822235 0.996466 0.0171937 -3.56794 -0.988379 0.0837452 -0.126859 20.9741 
-0.1269 -0.00594967 0.991898 76.8476 0.0811442 0.996568 0.016359 -3.51535 -0.988591 0.0825627 -0.125981 20.7456 
-0.126172 -0.00560016 0.991993 78.4042 0.0844285 0.996295 0.016363 -3.59031 -0.988409 0.085817 -0.125232 20.6438 
-0.12653 -0.00518639 0.991949 80.1577 0.0849068 0.99626 0.0160393 -3.58308 -0.988322 0.0862527 -0.125616 20.5144 
-0.125398 -0.00565841 0.99209 81.8303 0.084742 0.996268 0.0163935 -3.56489 -0.988481 0.0861274 -0.124451 20.3138 
-0.124473 -0.00763578 0.992194 83.7453 0.0938804 0.995394 0.019438 -3.54363 -0.987772 0.0955671 -0.123183 20.1713 
-0.124531 -0.00971637 0.992168 85.3988 0.0879683 0.995906 0.0207942 -3.59088 -0.988309 0.0898688 -0.123166 19.8892 
-0.123652 -0.00853848 0.992289 87.1099 0.0901888 0.995728 0.0198068 -3.57213 -0.988219 0.0919425 -0.122354 19.6684 
-0.122708 -0.00638906 0.992422 88.927 0.0939874 0.99541 0.0180293 -3.49263 -0.987982 0.0954875 -0.121544 19.4554 
-0.121687 -0.00640617 0.992548 90.7246 0.0930241 0.995504 0.0178301 -3.44981 -0.9882 0.0945006 -0.120544 19.2095 
-0.121401 -0.00735179 0.992576 92.4609 0.0953246 0.995264 0.0190308 -3.49707 -0.988016 0.0969273 -0.120125 19.0068 
-0.120979 -0.00723223 0.992629 94.211 0.0931597 0.995477 0.018607 -3.35808 -0.988274 0.094724 -0.119758 18.7488 
-0.121673 -0.00698705 0.992546 95.8603 0.0953741 0.995266 0.0186978 -3.3506 -0.987977 0.0969382 -0.120431 18.662 
-0.119755 -0.00726271 0.992777 97.8838 0.0968602 0.995117 0.0189637 -3.32426 -0.988067 0.0984315 -0.118467 18.2402 
-0.119674 -0.00660615 0.992791 99.6489 0.0980892 0.995007 0.0184449 -3.31819 -0.987956 0.0995895 -0.118428 18.0373 
-0.120208 -0.00610336 0.99273 101.389 0.0995711 0.994864 0.0181734 -3.32566 -0.987743 0.101032 -0.118983 17.8719 
-0.121508 -0.00541595 0.992576 103.168 0.0993112 0.994901 0.017586 -3.30793 -0.98761 0.100711 -0.120351 17.699 
-0.122149 -0.00493775 0.992499 105.039 0.0994566 0.994893 0.01719 -3.30156 -0.987516 0.10081 -0.121034 17.4501 
-0.123834 -0.00578924 0.992286 106.836 0.0989654 0.994925 0.0181552 -3.28974 -0.987356 0.10045 -0.122632 17.2926 
-0.124642 -0.00629891 0.992182 108.693 0.0986485 0.994946 0.0187091 -3.27377 -0.987286 0.100209 -0.123391 17.0532 
-0.124444 -0.00646553 0.992206 110.528 0.0962264 0.995187 0.0185538 -3.19894 -0.98755 0.0977853 -0.123223 16.8226 
-0.126718 -0.00589951 0.991921 112.394 0.0968192 0.995134 0.0182873 -3.1949 -0.987202 0.0983543 -0.12553 16.6345 
-0.128797 -0.004383 0.991661 114.248 0.0954353 0.995294 0.0167942 -3.14166 -0.987068 0.0968025 -0.127772 16.3921 
-0.133091 -0.00299656 0.991099 116.136 0.0966728 0.995188 0.0159908 -3.10608 -0.986378 0.0979406 -0.132161 16.161 
-0.138817 -0.00422344 0.990309 117.873 0.0960795 0.995216 0.0177123 -3.1207 -0.985646 0.0976071 -0.137747 16.0274 
-0.14324 -0.0051706 0.989675 119.712 0.0948743 0.995309 0.0189316 -3.10565 -0.98513 0.0966064 -0.142077 15.7622 
-0.147562 -0.00412975 0.989044 121.615 0.0941465 0.995392 0.0182026 -3.08719 -0.984562 0.095801 -0.146493 15.4896 
-0.15289 -0.00289475 0.988239 123.57 0.0947708 0.995344 0.0175775 -3.09275 -0.983689 0.0963436 -0.151903 15.1996 
-0.156839 -0.00114699 0.987624 125.463 0.0944475 0.995399 0.0161547 -3.07413 -0.983098 0.0958123 -0.156009 14.9068 
-0.162196 -0.000715968 0.986758 127.505 0.0951884 0.995325 0.0163685 -3.08532 -0.982157 0.0965828 -0.161369 14.5606 
-0.167238 -0.000852126 0.985916 129.452 0.0935399 0.995475 0.0167273 -3.06586 -0.981469 0.0950199 -0.166402 14.2414 
-0.172702 -0.00142721 0.984973 131.182 0.0908181 0.995716 0.0173666 -3.02622 -0.980778 0.0924527 -0.171833 14.0461 
-0.177076 -0.001337 0.984196 133.28 0.0907709 0.995715 0.0176841 -2.99362 -0.980002 0.0924678 -0.176196 13.578 
-0.183392 -0.00163446 0.983039 135.19 0.090944 0.995682 0.0186216 -2.97102 -0.978824 0.0928165 -0.182451 13.3397 
-0.188816 -7.30845e-05 0.982012 137.451 0.0919212 0.995608 0.0177482 -2.98241 -0.977701 0.093619 -0.18798 12.8747 
-0.194367 0.00105978 0.980928 139.356 0.0931366 0.995502 0.0173791 -2.97717 -0.976497 0.0947383 -0.193591 12.534 
-0.200213 0.00146068 0.979751 141.317 0.0939638 0.995418 0.0177176 -2.9504 -0.975236 0.0956085 -0.199433 12.1609 
-0.205596 0.00133946 0.978636 143.338 0.0928402 0.995516 0.0181417 -2.9334 -0.974223 0.0945866 -0.204798 11.7378 
-0.21155 0.00205283 0.977365 145.338 0.0908772 0.995707 0.0175789 -2.8884 -0.973133 0.092539 -0.210828 11.3509 
-0.216377 0.0025859 0.976307 147.355 0.0910807 0.995689 0.0175488 -2.8849 -0.972052 0.0927199 -0.215679 10.909 
-0.220431 0.00213693 0.9754 149.351 0.0921885 0.995567 0.0186526 -2.85068 -0.971036 0.0940323 -0.219651 10.4672 
-0.224803 0.0014068 0.974403 151.358 0.0940047 0.995366 0.0202506 -2.84105 -0.969859 0.0961509 -0.223893 10.0133 
-0.228513 0.00194774 0.973539 153.381 0.0939978 0.99537 0.0200721 -2.80322 -0.968992 0.0960973 -0.227638 9.56334 
-0.231422 0.0023725 0.972851 155.375 0.0942612 0.995347 0.0199955 -2.78132 -0.968276 0.0963295 -0.230568 9.08686 
-0.234948 0.00264104 0.972004 157.402 0.0942613 0.995345 0.0200799 -2.75648 -0.967427 0.0963401 -0.234103 8.62037 
-0.238603 0.00325635 0.971112 159.47 0.0930329 0.995472 0.0195202 -2.72804 -0.966651 0.0950029 -0.237825 8.12297 
-0.243308 0.00360995 0.969942 161.502 0.0901235 0.995751 0.0189013 -2.68915 -0.965753 0.0920135 -0.242599 7.62926 
-0.247307 0.0028111 0.968933 163.463 0.0883963 0.995891 0.0196727 -2.68674 -0.964896 0.0905153 -0.24654 7.09258 
-0.253279 0.00303252 0.967388 165.613 0.0877621 0.995944 0.0198556 -2.68489 -0.963404 0.0899291 -0.252518 6.70069 
-0.257225 0.00350898 0.966345 167.642 0.0873422 0.995985 0.0196324 -2.65759 -0.962396 0.0894527 -0.256498 6.10056 
-0.261871 0.00347198 0.965097 169.604 0.0866001 0.996044 0.0199149 -2.6425 -0.96121 0.0887926 -0.261136 5.61003 
-0.266742 0.00248685 0.963765 171.541 0.085845 0.996083 0.0211891 -2.64345 -0.959937 0.0883864 -0.26591 5.12202 
-0.271061 0.0025615 0.962559 173.595 0.0866783 0.995999 0.0217585 -2.62563 -0.958651 0.0893308 -0.270199 4.62014 
-0.274357 0.00331199 0.961622 175.755 0.0883448 0.995852 0.0217754 -2.61318 -0.957561 0.0909285 -0.273511 3.93225 
-0.277945 0.00493256 0.960584 177.83 0.0899999 0.995722 0.0209285 -2.59657 -0.956372 0.0922695 -0.2772 3.36429 
-0.281506 0.00647877 0.959538 179.694 0.0888145 0.995861 0.0193321 -2.54625 -0.95544 0.090663 -0.280916 2.84148 
-0.285415 0.00767464 0.958373 181.696 0.0895752 0.995804 0.0187022 -2.51696 -0.954209 0.0911844 -0.284905 2.30996 
-0.288382 0.00900726 0.957473 183.543 0.0901329 0.995771 0.0177796 -2.45806 -0.953264 0.0914271 -0.287974 1.72682 
-0.291367 0.00898124 0.956569 185.55 0.0905292 0.995727 0.0182259 -2.43918 -0.952318 0.0919078 -0.290935 1.11038 
-0.297663 0.00881066 0.95463 187.388 0.0911034 0.995656 0.0192176 -2.50354 -0.950314 0.0926905 -0.297172 0.85945 
-0.300951 0.010364 0.953583 189.833 0.0937496 0.995419 0.0187686 -2.43505 -0.94902 0.0950465 -0.300544 -0.00525437 
-0.304929 0.0104735 0.952318 191.826 0.0955699 0.995229 0.0196557 -2.40688 -0.947568 0.0970065 -0.304475 -0.537595 
-0.308256 0.00998643 0.951251 193.792 0.0959576 0.995171 0.0206478 -2.41504 -0.946452 0.0976446 -0.307726 -1.09031 
-0.309889 0.00857952 0.950734 195.43 0.0944046 0.995295 0.0217893 -2.41814 -0.946074 0.0965059 -0.309241 -1.81446 
-0.312906 0.00935546 0.949738 197.495 0.0938112 0.995366 0.0211027 -2.40477 -0.94514 0.0956992 -0.312334 -2.44803 
-0.315304 0.0114388 0.948922 199.224 0.0931318 0.995474 0.0189455 -2.33959 -0.94441 0.0943484 -0.314942 -3.05634 
-0.31797 0.0140464 0.947997 201.274 0.0938182 0.995449 0.0167182 -2.31636 -0.943448 0.0942553 -0.31784 -3.73069 
-0.321534 0.0143209 0.94679 202.918 0.0912971 0.995696 0.0159443 -2.27146 -0.942486 0.0915658 -0.321458 -4.33964 
-0.32483 0.0155405 0.945645 205.012 0.0900397 0.995832 0.0145635 -2.22932 -0.941477 0.0898762 -0.324875 -5.0231 
-0.329208 0.01597 0.944122 206.811 0.0902618 0.995811 0.0146292 -2.19711 -0.939934 0.0900342 -0.32927 -5.63987 
-0.331613 0.0149194 0.943298 208.426 0.0901523 0.9958 0.0159429 -2.12656 -0.939098 0.0903274 -0.331565 -6.36063 
-0.336044 0.0125184 0.941763 210.572 0.0868092 0.996067 0.0177354 -2.24228 -0.937837 0.0877136 -0.335809 -7.07635 
-0.340063 0.0122434 0.940323 212.629 0.0866249 0.996072 0.0183581 -2.22696 -0.936404 0.0876983 -0.339788 -7.81092 
-0.343725 0.0124063 0.938988 214.595 0.0849042 0.996228 0.0179174 -2.19619 -0.935224 0.0858827 -0.343482 -8.51481 
-0.347145 0.0130172 0.937721 216.561 0.0833103 0.996378 0.0170101 -2.17435 -0.934104 0.0840268 -0.346973 -9.24797 
-0.3487 0.0141869 0.937127 218.232 0.0840651 0.996329 0.016197 -2.04703 -0.933457 0.0844276 -0.348612 -10.0911 
-0.353306 0.0144169 0.935397 220.254 0.0848921 0.99625 0.0167095 -2.10077 -0.931648 0.0853114 -0.353205 -10.6058 
-0.355748 0.0124814 0.934499 222.095 0.0846531 0.996231 0.0189201 -2.25566 -0.93074 0.085839 -0.355464 -11.3313 
-0.358453 0.0111093 0.933482 224.022 0.085337 0.996133 0.0209141 -2.30785 -0.929639 0.0871572 -0.358015 -12.0585 
-0.360231 0.0125328 0.932779 225.926 0.0870095 0.996002 0.0202201 -2.22489 -0.928796 0.0884445 -0.359882 -12.8686 
-0.364516 0.0120555 0.931119 227.992 0.0868173 0.996001 0.0210918 -2.36492 -0.927141 0.0885256 -0.364105 -13.4619 
-0.367172 0.0126506 0.930067 229.952 0.0867919 0.996011 0.0207162 -2.33415 -0.926095 0.0883287 -0.366806 -14.1846 
-0.370904 0.0158469 0.928536 231.811 0.0878892 0.995966 0.0181097 -2.15336 -0.924503 0.0883252 -0.370801 -14.7658 
-0.373273 0.0164852 0.927575 233.642 0.0870847 0.99605 0.0173423 -2.14805 -0.923625 0.087251 -0.373235 -15.5679 
-0.37616 0.0164346 0.926409 235.545 0.085075 0.996232 0.0168708 -2.15053 -0.922641 0.0851603 -0.376141 -16.2768 
-0.379293 0.0175596 0.92511 237.531 0.0856071 0.996197 0.0161899 -2.11261 -0.921308 0.0853367 -0.379354 -17.0658 
-0.381608 0.0163742 0.924179 239.438 0.086832 0.996057 0.0182065 -2.16744 -0.920237 0.0871961 -0.381525 -17.8752 
-0.384838 0.0153237 0.922857 241.486 0.0866203 0.996049 0.0195823 -2.18301 -0.918911 0.0874741 -0.384645 -18.6479 
-0.38858 0.018774 0.921224 243.591 0.0887622 0.995905 0.0171447 -1.87766 -0.91713 0.0884319 -0.388656 -19.3427 
-0.391435 0.0170827 0.920047 245.434 0.0861088 0.996121 0.0181398 -2.00525 -0.916168 0.0863248 -0.391387 -20.2072 
-0.393983 0.0173298 0.918954 247.455 0.0861381 0.996118 0.018145 -1.94602 -0.915072 0.0863058 -0.393947 -21.0785 
-0.399721 0.017636 0.916467 249.822 0.0864156 0.996087 0.0185224 -1.91125 -0.912554 0.0866009 -0.399681 -21.7575 
-0.402494 0.0155779 0.91529 251.405 0.0820415 0.996446 0.0191181 -1.97517 -0.911739 0.0827867 -0.402341 -22.7061 
-0.406061 0.0143004 0.913734 253.39 0.0801095 0.996585 0.0200034 -2.00666 -0.910328 0.0813214 -0.40582 -23.6123 
-0.411759 0.0150934 0.911168 255.806 0.0814137 0.996474 0.0202846 -1.977 -0.907649 0.0825339 -0.411535 -24.3464 
-0.415898 0.0149932 0.909288 257.779 0.0806714 0.996531 0.0204665 -1.97647 -0.905826 0.0818654 -0.415664 -25.2042 
-0.418715 0.014734 0.907998 259.492 0.0804145 0.996542 0.0209117 -1.98981 -0.90455 0.0817723 -0.418452 -26.1237 
-0.423562 0.0191228 0.905665 261.689 0.0861318 0.996098 0.0192499 -1.77615 -0.901763 0.0861601 -0.423556 -26.8888 
-0.42692 0.0191006 0.904087 263.651 0.0859134 0.996111 0.0195245 -1.7565 -0.900199 0.0860086 -0.426901 -27.8114 
-0.43102 0.0197393 0.902127 265.839 0.0844539 0.996255 0.0185516 -1.71427 -0.898382 0.0841843 -0.431072 -28.7989 
-0.434544 0.0204413 0.900418 267.819 0.0856404 0.99615 0.0187157 -1.6757 -0.89657 0.085245 -0.434622 -29.7473 
-0.437759 0.0201014 0.898868 269.774 0.0848882 0.996208 0.0190634 -1.67014 -0.895076 0.0846484 -0.437805 -30.7239 
-0.441517 0.0209175 0.897009 271.762 0.085706 0.99614 0.0189563 -1.65952 -0.89315 0.0852485 -0.441606 -31.6853 
-0.443564 0.0225656 0.895959 273.522 0.0878449 0.995964 0.0184052 -1.65786 -0.891927 0.0868693 -0.443756 -32.7205 
-0.446627 0.0230035 0.894424 275.546 0.0891601 0.995838 0.01891 -1.69506 -0.890267 0.0881927 -0.446819 -33.6542 
-0.449963 0.0248106 0.892702 277.528 0.0903811 0.995747 0.0178818 -1.6564 -0.888462 0.0887295 -0.450292 -34.6346 
-0.451695 0.0290812 0.891699 279.347 0.0934779 0.99551 0.0148849 -1.5255 -0.887262 0.0900776 -0.452385 -35.6065 
-0.455954 0.0281051 0.889559 281.149 0.0933194 0.995501 0.0163796 -1.62233 -0.885097 0.0904815 -0.456526 -36.4417 
-0.459387 0.0281538 0.88779 283.157 0.0921466 0.995615 0.0161082 -1.63493 -0.883443 0.0892067 -0.459967 -37.4667 
-0.462329 0.0291524 0.886229 285.114 0.0923896 0.995603 0.0154476 -1.55241 -0.881882 0.0890202 -0.462989 -38.515 
-0.464789 0.0301724 0.884907 287.163 0.0933427 0.99552 0.0150834 -1.54185 -0.880488 0.0896102 -0.465523 -39.6458 
-0.468808 0.0310776 0.882753 289.15 0.0919574 0.995668 0.0137835 -1.44482 -0.8785 0.0876375 -0.469635 -40.667 
-0.471534 0.0303457 0.881326 291.203 0.0896059 0.995884 0.0136515 -1.45789 -0.877284 0.0854092 -0.472312 -41.7412 
-0.474889 0.0318083 0.879471 293.2 0.0920084 0.995664 0.0136711 -1.4012 -0.875223 0.087411 -0.475756 -42.7143 
-0.477553 0.0314691 0.878039 295.373 0.0938873 0.995464 0.0153863 -1.44747 -0.873572 0.0897845 -0.478341 -43.8315 
-0.481096 0.0324441 0.876067 297.485 0.0957673 0.995279 0.015732 -1.39455 -0.871421 0.0914672 -0.481932 -44.7955 
-0.483724 0.0328355 0.874604 299.609 0.0962476 0.995231 0.0158682 -1.36707 -0.869912 0.0918544 -0.484577 -45.8943 
-0.483809 0.030964 0.874626 301.15 0.0951746 0.995308 0.0174104 -1.37954 -0.869983 0.0916655 -0.484486 -46.9843 
-0.486512 0.0309198 0.873127 303.406 0.0955837 0.995258 0.0180151 -1.3359 -0.86843 0.0922212 -0.48716 -48.2282 
-0.489787 0.0314301 0.871276 305.504 0.0986596 0.994929 0.0195706 -1.397 -0.866242 0.0955451 -0.490404 -49.2294 
-0.491304 0.0319089 0.870403 307.585 0.0970941 0.995106 0.0183249 -1.3393 -0.865559 0.0935142 -0.491998 -50.4715 
-0.494219 0.0352678 0.868622 309.553 0.098828 0.994979 0.015832 -1.33887 -0.863701 0.0936686 -0.495223 -51.4779 
-0.498128 0.0344067 0.866421 311.689 0.0972261 0.995128 0.0163801 -1.33371 -0.861635 0.092398 -0.499046 -52.6508 
-0.50103 0.0320614 0.864836 313.624 0.0937718 0.995441 0.0174221 -1.29747 -0.860334 0.0898262 -0.501753 -53.9131 
-0.50563 0.0294768 0.862247 315.717 0.0911645 0.995646 0.0194226 -1.2735 -0.857921 0.088427 -0.506116 -55.1532 
-0.510094 0.0277734 0.85967 317.813 0.0895306 0.995764 0.0209537 -1.24239 -0.855446 0.0876552 -0.510419 -56.4213 
-0.514983 0.0284202 0.856729 320.087 0.0902905 0.995689 0.0212441 -1.19294 -0.852432 0.0882948 -0.515329 -57.7079 
-0.519184 0.0297889 0.854143 322.228 0.092576 0.995472 0.0215538 -1.15961 -0.849634 0.0902636 -0.519591 -58.9781 
-0.523498 0.0303558 0.851486 324.422 0.0939775 0.995325 0.0222942 -1.1681 -0.846828 0.0916915 -0.523903 -60.2623 
-0.527833 0.0302912 0.848808 326.582 0.0942758 0.995278 0.0231073 -1.12853 -0.8441 0.0922189 -0.528196 -61.5177 
-0.530995 0.0302141 0.846836 328.736 0.0961092 0.995063 0.0247612 -1.0562 -0.841907 0.0945368 -0.531278 -62.894 
-0.535117 0.0276967 0.844324 330.9 0.0931948 0.995297 0.026416 -1.0161 -0.839622 0.0928222 -0.535182 -64.2485 
-0.538998 0.0266633 0.841885 333.056 0.0913616 0.995453 0.0269653 -0.999754 -0.837338 0.0914502 -0.538983 -65.6229 
-0.543366 0.0263337 0.839083 335.176 0.0903805 0.995534 0.027284 -0.929142 -0.834617 0.0906619 -0.543319 -66.9704 
-0.546619 0.0265193 0.836962 337.308 0.0911398 0.995445 0.0279823 -0.869902 -0.832407 0.0915761 -0.546546 -68.4165 
-0.550932 0.0257717 0.834152 339.413 0.0920175 0.995305 0.0300241 -0.849635 -0.829462 0.0932978 -0.550717 -69.7672 
-0.554902 0.0260634 0.831507 341.504 0.0922495 0.995273 0.0303657 -0.78436 -0.826785 0.0935561 -0.554683 -71.0643 
-0.55877 0.0246416 0.828957 343.604 0.0904567 0.995406 0.0313841 -0.72925 -0.824375 0.0925212 -0.558431 -72.4483 
-0.560416 0.0237631 0.82787 345.656 0.0912904 0.99527 0.0332298 -0.687235 -0.823165 0.0941992 -0.559935 -73.9185 
-0.561962 0.0231015 0.82684 347.142 0.0877135 0.995638 0.0317969 -0.506462 -0.822499 0.0903937 -0.561537 -75.2123 
-0.565787 0.0222664 0.824251 349.291 0.0840561 0.995985 0.0307926 -0.462249 -0.820256 0.0867054 -0.565387 -76.5968 
-0.568295 0.0220498 0.82253 351.476 0.0814249 0.996241 0.0295508 -0.395169 -0.818786 0.0837679 -0.567954 -78.1044 
-0.57078 0.0191567 0.820879 353.551 0.0790374 0.996367 0.0317049 -0.354519 -0.81729 0.0829767 -0.570221 -79.5576 
-0.574555 0.0183914 0.81826 355.663 0.0791766 0.996308 0.0332019 -0.301877 -0.814628 0.0838633 -0.573889 -81.0156 
-0.576818 0.0196513 0.816636 358.012 0.0806071 0.996201 0.0329632 -0.230183 -0.812886 0.0848405 -0.576211 -82.6476 
-0.580029 0.0176216 0.814406 359.982 0.0766454 0.996511 0.0330258 -0.170593 -0.810982 0.0815764 -0.579356 -84.0837 
-0.58328 0.014749 0.812137 362.18 0.0752499 0.996517 0.0359473 -0.0937759 -0.808778 0.0820806 -0.582358 -85.6201 
-0.585965 0.0119933 0.810247 364.251 0.0723371 0.996673 0.0375609 -0.0317429 -0.807101 0.0806203 -0.584883 -87.1345 
-0.588771 0.0118212 0.808214 366.238 0.0718312 0.996702 0.0377498 0.0698107 -0.805102 0.0802809 -0.587678 -88.622 
-0.592232 0.0114445 0.805686 368.499 0.0704474 0.996806 0.0376242 0.093133 -0.802682 0.0790407 -0.591147 -90.1393 
-0.594528 0.0111776 0.803997 370.613 0.0702243 0.996804 0.0380703 0.170531 -0.801003 0.079094 -0.593413 -91.7013 
-0.597681 0.00987707 0.801673 372.487 0.0695606 0.996792 0.0395792 0.147872 -0.798711 0.0794206 -0.596451 -92.9945 
-0.599949 0.00870197 0.799991 373.954 0.0664618 0.997027 0.0389974 0.227767 -0.797273 0.0765653 -0.598743 -94.3075 
-0.603494 0.00520473 0.79735 376.571 0.0564095 0.997752 0.036182 0.273953 -0.79537 0.0668138 -0.602431 -95.9916 
-0.605992 0.00867899 0.795423 378.058 0.0496664 0.998402 0.0269445 0.40014 -0.793918 0.0558339 -0.605455 -97.4101 
-0.607856 0.0180055 0.793843 380.169 0.0585315 0.998039 0.0221814 0.463684 -0.791887 0.0599479 -0.607718 -99.0865 
-0.609071 0.0192033 0.792884 382.285 0.0662279 0.997447 0.0267166 0.493767 -0.790346 0.0687834 -0.608787 -100.674 
-0.611072 0.0100223 0.791512 384.448 0.0648753 0.99719 0.0374591 0.564343 -0.788912 0.0742398 -0.610005 -102.333 
-0.613898 -0.00134485 0.789385 386.665 0.0576547 0.997251 0.0465366 0.656995 -0.787277 0.0740805 -0.612133 -104.015 
-0.617413 -0.00661859 0.786612 388.81 0.052811 0.99736 0.0498432 0.715782 -0.784865 0.0723155 -0.615433 -105.637 
-0.620218 -0.00725807 0.784396 390.441 0.0518761 0.997389 0.0502471 0.70788 -0.782713 0.0718556 -0.618222 -106.901 
-0.622509 -0.00246338 0.782609 393.077 0.0569532 0.997201 0.048441 0.766665 -0.780537 0.074727 -0.620626 -108.92 
-0.625137 0.00353141 0.780507 394.333 0.0605508 0.997196 0.0439856 0.836828 -0.778163 0.0747573 -0.623597 -109.958 
-0.627334 0.00599826 0.778727 396.137 0.0610165 0.997275 0.0414726 0.891589 -0.776356 0.0735323 -0.62599 -111.5 
-0.630524 0.00644959 0.776143 398.086 0.0614756 0.997239 0.0416548 0.987163 -0.773732 0.0739782 -0.629179 -112.955 
-0.635032 0.00697987 0.772454 399.593 0.063118 0.997084 0.0428795 1.24944 -0.769903 0.0759856 -0.633622 -113.355 
-0.637346 0.00569699 0.770556 401.715 0.0629854 0.997012 0.0447255 1.32401 -0.767999 0.0770395 -0.635801 -115.074 
-0.639456 0.00688158 0.768797 403.179 0.0644886 0.996916 0.0447156 1.44188 -0.766119 0.0781723 -0.637927 -116.342 
-0.640632 0.00670312 0.767818 405.358 0.064276 0.99692 0.0449258 1.46718 -0.765153 0.0781332 -0.63909 -118.062 
-0.641198 0.00643417 0.767349 407.906 0.0640513 0.996924 0.0451622 1.47482 -0.764698 0.0781076 -0.639637 -120.948 
-0.642956 0.0067626 0.765873 410.539 0.0661397 0.996716 0.0467238 1.70793 -0.763042 0.080696 -0.641292 -122.494 
-0.644171 0.00520903 0.764864 412.324 0.0664599 0.996576 0.0491856 1.72877 -0.761989 0.0825167 -0.642311 -123.924 
-0.644774 0.00582974 0.764351 412.12 0.0695647 0.996269 0.0510832 1.87102 -0.761201 0.086109 -0.642774 -124.553 
-0.646057 0.00648788 0.763261 414.212 0.0685142 0.99642 0.0495236 2.04286 -0.760208 0.0842894 -0.644189 -126.065 
-0.64769 0.0050067 0.761888 415.881 0.0626096 0.996946 0.0466738 1.93367 -0.759327 0.0779316 -0.646025 -127.522 
-0.648542 0.00518486 0.761161 415.47 0.0607774 0.997137 0.0449927 1.93884 -0.758748 0.0754411 -0.647001 -127.614 
-0.649239 -0.00065262 0.760585 411.78 0.0525444 0.997572 0.0457081 1.77613 -0.758768 0.0696399 -0.647628 -125.141 
-0.650362 -0.000662942 0.759624 414.382 0.0524575 0.997573 0.0457828 1.8818 -0.757811 0.0696234 -0.648749 -127.161 
-0.65129 -0.00348357 0.758821 414.463 0.0464386 0.997932 0.0444392 1.81988 -0.757406 0.0641814 -0.649782 -127.394 
-0.652072 -0.00317355 0.75815 416.286 0.0467679 0.997918 0.0444015 1.98774 -0.756713 0.06441 -0.650567 -129.037 
-0.65262 -0.00507699 0.757669 418.456 0.0467859 0.997799 0.0469852 1.95756 -0.75624 0.0661117 -0.650946 -130.827 
-0.652593 -0.00604643 0.757684 420.37 0.0493265 0.997508 0.0504452 2.1621 -0.756101 0.0702941 -0.650669 -132.408 
-0.651528 -0.00672637 0.758595 421.966 0.0549513 0.996915 0.0560351 2.30138 -0.756632 0.0781942 -0.649149 -134.02 
-0.650285 -0.00765635 0.759652 424.203 0.0585321 0.996472 0.0601484 2.40739 -0.757432 0.0835776 -0.647542 -135.78 
-0.648533 -0.009512 0.761127 426.27 0.053441 0.996886 0.0579937 2.54245 -0.759308 0.0782862 -0.646005 -137.479 
-0.647846 -0.0105029 0.761699 428.53 0.0458467 0.997555 0.052749 2.63889 -0.760391 0.0690946 -0.64578 -139.21 
-0.646004 -0.0124862 0.763232 430.523 0.0412698 0.997833 0.0512551 2.7254 -0.762218 0.0646094 -0.644088 -140.942 
-0.642972 -0.0122447 0.765792 431.907 0.0399579 0.997974 0.0495066 2.83659 -0.764847 0.0624308 -0.64118 -142.501 
-0.640145 -0.0126555 0.76815 432.074 0.0406426 0.997906 0.0503106 2.79331 -0.767178 0.0634257 -0.638291 -142.885 
-0.637357 -0.0119268 0.770477 434.521 0.042392 0.997823 0.0505137 2.92395 -0.769402 0.0648573 -0.635464 -144.842 
-0.634877 -0.0118424 0.772523 435.671 0.0392008 0.998101 0.0475165 2.90037 -0.771618 0.0604506 -0.633207 -145.661 
-0.633211 -0.0160414 0.773813 438.061 0.0328454 0.998328 0.047573 3.0983 -0.773282 0.05554 -0.631625 -147.755 
-0.632244 -0.0224996 0.774443 439.28 0.0240112 0.998529 0.0486122 3.1387 -0.774397 0.0493301 -0.630773 -148.662 
-0.631602 -0.0256486 0.774868 441.673 0.0168269 0.998764 0.0467755 3.30066 -0.77511 0.0425822 -0.63039 -150.616 
-0.631173 -0.0267463 0.775181 442.951 0.0145606 0.998821 0.0463182 3.25879 -0.775506 0.0405218 -0.630039 -151.72 
-0.62964 -0.0277927 0.77639 443.988 0.0154645 0.998714 0.0482927 3.07662 -0.776733 0.0424135 -0.6284 -153.101 
-0.628326 -0.0278998 0.777449 446.473 0.017951 0.998571 0.0503428 3.39333 -0.777743 0.0455877 -0.626928 -154.845 
-0.626884 -0.0301049 0.778531 448.906 0.0167661 0.998501 0.0521113 3.50907 -0.778932 0.0457207 -0.625439 -156.616 
-0.625879 -0.030565 0.779321 450.657 0.0144048 0.998608 0.0507341 3.46863 -0.779787 0.0429794 -0.624567 -157.964 
-0.625109 -0.0294892 0.77998 453.025 0.0131277 0.998748 0.0482813 3.62752 -0.780427 0.0404204 -0.623939 -159.595 
-0.624212 -0.0280586 0.780751 453.235 0.0137727 0.998804 0.0469063 3.7191 -0.781134 0.0400326 -0.623079 -160.098 
-0.62313 -0.0277706 0.781625 454.922 0.0159672 0.998709 0.0482129 3.60588 -0.781956 0.0425233 -0.621882 -161.446 
-0.621826 -0.0275099 0.782672 456.366 0.0178982 0.998623 0.0493202 3.89152 -0.782951 0.044677 -0.620477 -162.816 
-0.62071 -0.027287 0.783566 458.426 0.0183976 0.998612 0.0493497 3.99338 -0.783825 0.0450475 -0.619346 -164.459 
-0.62035 -0.0289392 0.783791 461.319 0.0164846 0.998617 0.0499182 4.00723 -0.784152 0.0438872 -0.619015 -166.061 
-0.619137 -0.028923 0.78475 462.415 0.018039 0.998534 0.0510343 4.179 -0.785076 0.0457533 -0.617707 -167.296 
-0.618589 -0.0297929 0.78515 464.074 0.0174362 0.998514 0.0516265 4.25276 -0.785521 0.0456256 -0.61715 -168.521 
-0.618358 -0.0292842 0.785351 466.444 0.0164187 0.998606 0.0501635 4.36066 -0.785725 0.0439135 -0.617015 -169.952 
-0.618096 -0.0283471 0.785591 468.07 0.0162826 0.998674 0.048847 4.35816 -0.785934 0.0429837 -0.616815 -171.209 
-0.617267 -0.0287974 0.786226 469.837 0.016195 0.998653 0.0492927 4.49621 -0.786587 0.0431597 -0.61597 -172.544 
-0.616576 -0.0305973 0.786701 471.401 0.015392 0.998585 0.0509017 4.49053 -0.787145 0.0434937 -0.615233 -173.818 
-0.617026 -0.0317056 0.786304 474.466 0.0140065 0.998587 0.0512565 4.56169 -0.786818 0.04264 -0.615711 -175.447 
-0.617252 -0.0324303 0.786097 477.122 0.0130158 0.998592 0.0514169 4.68097 -0.786658 0.0419689 -0.615961 -177.332 
-0.616831 -0.0314325 0.786468 476.548 0.0140787 0.998602 0.0509528 4.85517 -0.78697 0.0425017 -0.615526 -178.021 
-0.617369 -0.0309544 0.786065 479.379 0.0148101 0.998591 0.0509552 4.93679 -0.786534 0.0430998 -0.616041 -179.687 
-0.617051 -0.0315196 0.786292 480.667 0.0158836 0.998495 0.0524909 5.13418 -0.786763 0.0448787 -0.615622 -181.3 
-0.616998 -0.0331727 0.786265 482.424 0.0150839 0.998429 0.0539606 5.25042 -0.78682 0.0451535 -0.615529 -182.794 
-0.617262 -0.0336052 0.786039 483.74 0.0145858 0.998427 0.0541393 5.32625 -0.786622 0.0448832 -0.615801 -183.896 
-0.618195 -0.0337587 0.785299 487.138 0.0139705 0.998448 0.0539193 5.36539 -0.7859 0.0443037 -0.616764 -185.431 
-0.618337 -0.0327509 0.785231 489.258 0.013918 0.998518 0.0526067 5.60359 -0.78579 0.0434575 -0.616965 -186.986 
-0.618032 -0.0321923 0.785494 491.245 0.0146939 0.998514 0.0524839 5.73878 -0.786016 0.0439787 -0.61664 -188.521 
-0.618129 -0.0326924 0.785396 492.671 0.0142668 0.998504 0.0527915 5.79738 -0.785947 0.043837 -0.616738 -189.664 
-0.617916 -0.0321074 0.785588 494.401 0.0148137 0.998513 0.0524617 5.94288 -0.786105 0.0440544 -0.616521 -191.174 
-0.617646 -0.0323339 0.785792 496.159 0.0130523 0.998595 0.0513497 6.00701 -0.786348 0.0419723 -0.616356 -192.576 
-0.617526 -0.0326116 0.785874 497.849 0.0140155 0.998525 0.0524491 6.16069 -0.786426 0.0434031 -0.616158 -194.015 
-0.617128 -0.0340941 0.786124 500.123 0.0137237 0.998443 0.0540757 6.1472 -0.786743 0.0441602 -0.615699 -195.521 
-0.616828 -0.0353792 0.786302 501.508 0.0132218 0.998383 0.0552937 6.27505 -0.786987 0.044503 -0.615363 -196.889 
-0.616138 -0.0345463 0.78688 502.514 0.0134888 0.998428 0.0543958 6.42777 -0.787522 0.0441294 -0.614704 -198.146 
-0.616571 -0.032948 0.786609 504.666 0.0156019 0.998416 0.0540491 6.62888 -0.787145 0.0455978 -0.615081 -199.477 
-0.616186 -0.0341464 0.78686 506.843 0.0146291 0.998391 0.054782 6.53389 -0.787464 0.045267 -0.614696 -201.061 
-0.616139 -0.033989 0.786904 508.22 0.0154862 0.998353 0.0552478 6.84075 -0.787485 0.0462265 -0.614598 -202.259 
-0.616158 -0.0340502 0.786886 510.216 0.0153237 0.998358 0.0551999 6.96897 -0.787473 0.0460699 -0.614624 -203.874 
-0.616604 -0.0344595 0.786519 512.761 0.0140959 0.998398 0.0547933 6.96356 -0.787147 0.0448725 -0.61513 -205.494 
-0.616022 -0.0355061 0.786928 513.706 0.0141932 0.998321 0.0561549 7.06011 -0.787601 0.0457617 -0.614484 -206.81 
-0.616369 -0.0372602 0.786575 516.035 0.0134034 0.998239 0.0577897 7.25281 -0.787343 0.0461626 -0.614784 -208.389 
-0.616511 -0.0381517 0.786422 517.262 0.0125459 0.998222 0.0582621 7.31424 -0.787247 0.0457856 -0.614936 -209.478 
-0.616807 -0.0372921 0.786231 518.941 0.0114727 0.998345 0.0563534 7.38184 -0.787031 0.0437793 -0.615358 -210.879 
-0.617383 -0.0349003 0.785888 522.071 0.0116298 0.998501 0.0534784 7.54965 -0.786577 0.0421564 -0.616051 -212.666 
-0.617099 -0.0340074 0.78615 523.928 0.01258 0.998512 0.0530686 7.6767 -0.786785 0.0426384 -0.615753 -214.076 
-0.617157 -0.0371864 0.785961 524.693 0.0112446 0.998364 0.0560654 7.58548 -0.78676 0.0434389 -0.615729 -215.124 
-0.617694 -0.038246 0.785488 527.186 0.0120199 0.998241 0.0580574 7.62946 -0.786327 0.0453032 -0.616148 -216.625 
-0.617799 -0.0372447 0.785454 530.097 0.0132046 0.998245 0.057721 7.84714 -0.786226 0.0460316 -0.616223 -218.316 
-0.617935 -0.0355322 0.785426 531.905 0.0148751 0.998271 0.0568642 8.14119 -0.786088 0.0468217 -0.616339 -219.786 
-0.617897 -0.0357884 0.785444 533.745 0.0134774 0.998335 0.0560911 8.07586 -0.786144 0.0452443 -0.616385 -221.191 
-0.617796 -0.0359791 0.785515 535.622 0.0141673 0.998281 0.0568669 8.12636 -0.78621 0.0462608 -0.616225 -222.69 
-0.617733 -0.0365844 0.785536 537.54 0.0148031 0.998199 0.0581296 8.27875 -0.786249 0.0475369 -0.616079 -224.198 
-0.617641 -0.0379406 0.785544 540.407 0.0135775 0.998172 0.0588856 8.35873 -0.786343 0.0470359 -0.615997 -225.812 
-0.616369 -0.0367338 0.7866 540.811 0.0150527 0.998179 0.0584095 8.63923 -0.787313 0.0478422 -0.614694 -227.713 
-0.61626 -0.0366171 0.786691 543.308 0.0156508 0.998152 0.0587199 8.77929 -0.787387 0.0484991 -0.614548 -229.624 
-0.615966 -0.0374024 0.786884 546.107 0.0161988 0.99806 0.0601203 8.82473 -0.787606 0.0497786 -0.614165 -231.166 
-0.614787 -0.0388083 0.787738 547.753 0.0143526 0.998073 0.0603719 9.01023 -0.788563 0.0484219 -0.613045 -233.077 
-0.615681 -0.0416308 0.786895 551.174 0.0112013 0.99804 0.0615656 8.97967 -0.787916 0.046719 -0.614008 -234.656 
-0.615431 -0.0414545 0.7871 553.154 0.0103913 0.998102 0.0606924 8.9603 -0.788123 0.045531 -0.613832 -236.214 
-0.614746 -0.0393438 0.787744 555.162 0.0127154 0.998131 0.0597745 9.27409 -0.788623 0.0467626 -0.613096 -238.078 
-0.613476 -0.0384005 0.788779 557.736 0.014093 0.998126 0.0595531 9.42771 -0.789588 0.0476507 -0.611785 -240.24 
-0.613386 -0.0385694 0.788841 560.425 0.014276 0.998102 0.0599017 9.7151 -0.789654 0.0480043 -0.611671 -242.114 
-0.612516 -0.0397869 0.789456 562.421 0.0142437 0.998015 0.061349 9.81154 -0.79033 0.048822 -0.610733 -243.787 
-0.612158 -0.038561 0.789795 564.389 0.014632 0.998087 0.0600717 9.93297 -0.7906 0.0483297 -0.610422 -244.839 
-0.611704 -0.0386346 0.790142 566.056 0.0143996 0.998097 0.0599505 10.0136 -0.790955 0.0480497 -0.609984 -246.102 
-0.610547 -0.0387319 0.791032 568.232 0.0140706 0.998115 0.0597317 10.1778 -0.791855 0.0475993 -0.608852 -247.931 
-0.609739 -0.0401395 0.791585 570.717 0.0123495 0.998114 0.0601247 10.3705 -0.792506 0.0464361 -0.608094 -249.949 
-0.609578 -0.0395104 0.791741 573.639 0.0132351 0.998111 0.0599988 10.5756 -0.792616 0.0470527 -0.607903 -252.168 
-0.608637 -0.0410233 0.792387 575.828 0.0114046 0.998107 0.0604336 10.6781 -0.793367 0.045819 -0.607017 -254.085 
-0.608603 -0.0418591 0.79237 578.019 0.0100343 0.998122 0.0604356 10.8023 -0.793412 0.0447322 -0.60704 -255.936 
-0.60858 -0.0412257 0.792421 580.356 0.00932591 0.998209 0.0590942 10.9279 -0.793438 0.0433536 -0.607105 -257.682 
-0.609083 -0.0407406 0.79206 582.28 0.0107924 0.998162 0.0596409 11.1071 -0.793033 0.0448744 -0.607523 -258.773 
-0.608657 -0.0421945 0.792311 584.148 0.0107932 0.998052 0.0614427 11.1979 -0.79336 0.0459491 -0.607016 -260.601 
-0.609474 -0.0440696 0.79158 586.19 0.0089682 0.998007 0.062467 11.1803 -0.792755 0.0451711 -0.607864 -261.593 
-0.609622 -0.0435628 0.791494 588.431 0.00779247 0.998111 0.0609367 11.2586 -0.792654 0.043316 -0.608131 -263.327 
-0.609926 -0.0415443 0.791368 590.133 0.00850015 0.998224 0.0589549 11.3935 -0.792413 0.0426849 -0.60849 -264.448 
-0.609339 -0.0403924 0.79188 591.87 0.00875688 0.998298 0.0576597 11.4169 -0.792861 0.0420687 -0.607948 -265.881 
-0.60996 -0.0408317 0.79138 594.572 0.00830047 0.998288 0.0579048 11.4561 -0.792389 0.0418884 -0.608576 -267.285 
-0.610126 -0.0420238 0.791189 596.727 0.00816189 0.998206 0.0593134 11.5098 -0.792263 0.0426462 -0.608688 -268.757 
-0.609863 -0.042358 0.791374 600.023 0.00928229 0.99812 0.0605773 11.6645 -0.792453 0.0442896 -0.608323 -271.669 
-0.609629 -0.0430108 0.791519 602.84 0.00842853 0.998119 0.0607289 11.8898 -0.792642 0.0436935 -0.60812 -273.994 
-0.609396 -0.0424202 0.79173 605.167 0.00916913 0.998124 0.0605361 12.0131 -0.792813 0.04415 -0.607864 -275.586 
-0.609203 -0.0436976 0.791809 607.427 0.00623708 0.998186 0.0598856 12.2396 -0.792989 0.0414211 -0.607826 -277.106 
-0.608987 -0.0423722 0.792048 609.276 0.00919597 0.998128 0.0604674 12.1987 -0.793127 0.0441075 -0.607457 -278.467 
-0.608674 -0.0418322 0.792317 611.498 0.0102 0.998114 0.0605336 12.3485 -0.793355 0.0449268 -0.6071 -280.197 
-0.609093 -0.0432944 0.791916 613.694 0.00866194 0.998086 0.0612281 12.388 -0.793051 0.0441531 -0.607553 -281.091 
-0.608524 -0.0431653 0.79236 615.296 0.00879596 0.998091 0.0611281 12.5033 -0.793487 0.0441675 -0.606983 -282.288 
-0.608891 -0.0416407 0.792161 616.979 0.00926665 0.99818 0.059593 12.6299 -0.7932 0.0436263 -0.607396 -283.123 
-0.608588 -0.042995 0.79232 619.042 0.00779118 0.998159 0.0601492 12.6167 -0.793448 0.0427792 -0.607133 -284.378 
-0.608007 -0.0425873 0.792788 620.464 0.00950816 0.998098 0.0609082 12.6959 -0.793875 0.0445706 -0.606446 -285.5 
-0.608013 -0.0434032 0.79274 623.128 0.00849898 0.998091 0.0611649 12.8715 -0.793882 0.0439265 -0.606484 -287.108 
-0.607601 -0.0424517 0.793107 624.594 0.00882162 0.998148 0.0601849 12.7626 -0.794194 0.0435649 -0.606101 -288.003 
-0.607348 -0.0407283 0.793391 626.768 0.00996677 0.998216 0.0588725 12.8186 -0.794374 0.0436636 -0.605858 -289.352 
-0.60696 -0.0406738 0.79369 628.873 0.0108927 0.99817 0.0594827 12.9693 -0.794657 0.0447491 -0.605407 -290.539 
