1 0 0 0 0 1 0 0 0 0 1 0 
0.999992 -0.0023263 -0.00326757 -0.0106564 0.00231966 0.999995 -0.00203541 -0.00410018 0.00327229 0.00202782 0.999993 0.676443 
0.99997 -0.00172659 -0.00757711 -0.0103257 0.00170151 0.999993 -0.00331455 -0.0166037 0.00758278 0.00330156 0.999966 1.38993 
0.999934 -0.00184526 -0.0113379 -0.0304999 0.00179127 0.999987 -0.00477001 -0.0197044 0.0113465 0.00474939 0.999924 2.0964 
0.999871 0.000179109 -0.0160341 -0.063759 -0.000267601 0.999985 -0.00551702 -0.0176607 0.0160329 0.0055206 0.999856 2.85555 
0.999794 -0.00133873 -0.0202408 -0.0885975 0.00122459 0.999983 -0.00565066 -0.0327959 0.020248 0.00562472 0.999779 3.59943 
0.999696 -6.17458e-05 -0.0246483 -0.127675 -9.85445e-05 0.999979 -0.00650183 -0.0489402 0.0246482 0.00650228 0.999675 4.38011 
0.999562 0.00194692 -0.0295445 -0.171386 -0.00215624 0.999973 -0.00705448 -0.0557034 0.0295299 0.00711509 0.999539 5.17508 
0.999412 0.00288485 -0.0341772 -0.197015 -0.00307914 0.999979 -0.00563349 -0.0616742 0.0341603 0.00573541 0.9994 5.96724 
0.999247 0.00142093 -0.0387848 -0.223846 -0.0015179 0.999996 -0.00247081 -0.0782384 0.0387811 0.00252782 0.999245 6.7502 
0.999103 0.000817523 -0.0423496 -0.25292 -0.000826817 1 -0.00020194 -0.0729325 0.0423494 0.000236774 0.999103 7.5512 
0.998986 0.00303795 -0.0449177 -0.318142 -0.00308061 0.999995 -0.00088051 -0.0894662 0.0449148 0.00101799 0.99899 8.40236 
0.998892 0.00284492 -0.046983 -0.339648 -0.00290863 0.999995 -0.00128752 -0.0945789 0.0469791 0.00142275 0.998895 9.17746 
0.998805 -0.000691247 -0.0488626 -0.380615 0.000625463 0.999999 -0.00136158 -0.107434 0.0488635 0.0013294 0.998805 10.0236 
0.998709 -0.0010853 -0.0507791 -0.441784 0.00104258 0.999999 -0.000867705 -0.108174 0.05078 0.000813644 0.99871 10.8815 
0.998624 -0.00153206 -0.052418 -0.472084 0.00147414 0.999998 -0.00114369 -0.120201 0.0524196 0.00106485 0.998625 11.7087 
0.998525 0.00180085 -0.0542597 -0.51985 -0.00200504 0.999991 -0.00370898 -0.131254 0.0542526 0.0038123 0.99852 12.5495 
0.998462 0.000685486 -0.0554435 -0.593191 -0.00103759 0.999979 -0.00632215 -0.133779 0.055438 0.00636995 0.998442 13.4572 
0.99834 0.00585616 -0.0572935 -0.651923 -0.00631964 0.999949 -0.0079118 -0.152168 0.0572442 0.00826074 0.998326 14.336 
0.998265 0.00770746 -0.0583662 -0.687561 -0.00815996 0.999938 -0.00751851 -0.177294 0.0583047 0.00798173 0.998267 15.1823 
0.998178 0.00722552 -0.0599108 -0.751387 -0.00759489 0.999954 -0.00593998 -0.198413 0.0598651 0.00638417 0.998186 16.0808 
0.998132 0.00572347 -0.0608312 -0.845588 -0.00598855 0.999973 -0.00417631 -0.204622 0.0608057 0.0045328 0.998139 17.0415 
0.998081 0.00625881 -0.0616065 -0.916343 -0.00651452 0.999971 -0.00395079 -0.228009 0.06158 0.00434454 0.998093 17.9391 
0.99796 0.00570603 -0.0635796 -0.926796 -0.00601232 0.999971 -0.00462718 -0.244733 0.0635514 0.00500001 0.997966 18.7465 
0.99788 0.00602755 -0.0648017 -0.99421 -0.00639709 0.999964 -0.00549656 -0.25958 0.0647663 0.00589945 0.997883 19.6901 
0.99787 0.0062707 -0.0649337 -1.07952 -0.0065342 0.999971 -0.0038464 -0.271752 0.0649077 0.00426249 0.997882 20.6314 
0.997868 0.00845013 -0.0647121 -1.15196 -0.00850788 0.999964 -0.000616863 -0.284759 0.0647045 0.00116611 0.997904 21.5601 
0.997912 0.00915743 -0.0639363 -1.22827 -0.00895723 0.999954 0.00341725 -0.301901 0.0639647 -0.00283742 0.997948 22.5039 
0.998045 0.00930852 -0.0617981 -1.31335 -0.00894693 0.999941 0.00612531 -0.316002 0.0618515 -0.00556044 0.99807 23.4465 
0.998112 0.00893395 -0.0607676 -1.33326 -0.0085697 0.999944 0.00625228 -0.293261 0.06082 -0.00571972 0.998132 24.3346 
0.998213 0.00925731 -0.0590286 -1.417 -0.00905099 0.999952 0.00376171 -0.317577 0.0590606 -0.00322072 0.998249 25.3146 
0.998273 0.00956857 -0.0579628 -1.48735 -0.009652 0.999953 -0.00115952 -0.321154 0.057949 0.00171698 0.998318 26.2596 
0.998316 0.0098694 -0.0571681 -1.52371 -0.0101279 0.99994 -0.00423301 -0.327672 0.0571229 0.00480487 0.998356 27.1999 
0.998396 0.00641529 -0.0562471 -1.59731 -0.00660112 0.999973 -0.00311859 -0.335887 0.0562256 0.00348488 0.998412 28.2144 
0.99843 0.00501067 -0.0557802 -1.68958 -0.00494486 0.999987 0.00131777 -0.336382 0.0557861 -0.00103988 0.998442 29.2144 
0.998399 0.00149743 -0.056548 -1.73508 -0.00121464 0.999987 0.00503477 -0.366485 0.0565548 -0.00495803 0.998387 30.1496 
0.998296 -0.0060923 -0.0580343 -1.75558 0.00636869 0.999969 0.00457885 -0.373489 0.0580047 -0.00494065 0.998304 31.1001 
0.998208 -0.00777531 -0.059327 -1.84739 0.00781722 0.999969 0.000474429 -0.376418 0.0593215 -0.000937351 0.998238 32.1518 
0.99812 -0.00751627 -0.0608221 -1.88507 0.00732636 0.999968 -0.0033449 -0.394128 0.0608453 0.00289301 0.998143 33.0625 
0.998021 -0.00571028 -0.0626266 -1.97788 0.00548189 0.999978 -0.00381811 -0.431459 0.062647 0.00346724 0.99803 34.0907 
0.99799 -0.00538093 -0.0631416 -2.05647 0.00524673 0.999984 -0.00229098 -0.45738 0.0631529 0.00195509 0.998002 35.0873 
0.997919 -0.00251662 -0.0644369 -2.12553 0.00251356 0.999997 -0.000128471 -0.443198 0.064437 -3.3763e-05 0.997922 36.1086 
0.997828 -0.00266241 -0.0658134 -2.1906 0.00277322 0.999995 0.00159231 -0.45976 0.0658089 -0.00177137 0.997831 37.1152 
0.99778 -9.36704e-05 -0.0665966 -2.27584 0.000350908 0.999993 0.00385094 -0.466862 0.0665957 -0.00386576 0.997773 38.1354 
0.997805 0.000715289 -0.0662146 -2.36981 -0.000280348 0.999978 0.00657771 -0.479255 0.0662179 -0.00654471 0.997784 39.1763 
0.997742 0.00635805 -0.066867 -2.43384 -0.00580099 0.999947 0.00852184 -0.469337 0.0669176 -0.0081147 0.997726 40.1417 
0.997721 0.00872685 -0.0669083 -2.50685 -0.00819092 0.999932 0.00827996 -0.503567 0.0669761 -0.00771305 0.997725 41.1484 
0.997727 0.00964707 -0.0666949 -2.59911 -0.00925179 0.999938 0.00623305 -0.511178 0.0667509 -0.00560183 0.997754 42.1755 
0.997707 0.0115472 -0.0666902 -2.68118 -0.0112944 0.999928 0.00416683 -0.517157 0.0667335 -0.00340404 0.997765 43.1787 
0.997638 0.0119677 -0.0676439 -2.73028 -0.0117066 0.999922 0.00425518 -0.534043 0.0676896 -0.00345325 0.9977 44.1427 
0.997573 0.00866945 -0.0690924 -2.78871 -0.00828844 0.999949 0.00579933 -0.542588 0.0691391 -0.00521259 0.997593 45.1178 
0.997504 0.0108592 -0.0697718 -2.85147 -0.0104114 0.999923 0.00677883 -0.556595 0.06984 -0.00603548 0.99754 46.0796 
0.99748 0.0127346 -0.0697936 -2.94273 -0.0125331 0.999916 0.00332467 -0.570245 0.0698301 -0.00244156 0.997556 47.0526 
0.997446 0.0126053 -0.0702973 -3.03582 -0.0127189 0.999918 -0.00116932 -0.565682 0.0702768 0.00206045 0.997525 48.0511 
0.997374 0.0127316 -0.0712946 -3.09067 -0.0129206 0.999914 -0.00219001 -0.577411 0.0712606 0.00310542 0.997453 48.9474 
0.997391 0.0115552 -0.0712595 -3.16732 -0.0114793 0.999933 0.00147373 -0.600398 0.0712717 -0.000651874 0.997457 49.9212 
0.997412 0.00989395 -0.0712125 -3.24509 -0.00960342 0.999944 0.00442103 -0.602424 0.0712523 -0.00372571 0.997451 50.8595 
0.997409 0.00841617 -0.0714408 -3.32703 -0.00806141 0.999954 0.00525269 -0.619692 0.0714817 -0.00466317 0.997431 51.8381 
0.997414 0.00626115 -0.0715953 -3.39232 -0.00597074 0.999973 0.00426964 -0.639562 0.0716201 -0.00383112 0.997425 52.7987 
0.997366 0.00284521 -0.0724808 -3.45893 -0.00263671 0.999992 0.0029721 -0.652912 0.0724887 -0.00277316 0.997365 53.7687 
0.997334 0.00109869 -0.0729635 -3.57136 -0.000797571 0.999991 0.00415597 -0.654661 0.0729674 -0.0040867 0.997326 54.7555 
0.997229 -0.00282231 -0.0743455 -3.61717 0.00345076 0.999959 0.00832602 -0.660814 0.0743189 -0.00855949 0.997198 55.6907 
0.997188 -0.00350781 -0.0748623 -3.69234 0.00450333 0.999904 0.0131334 -0.661858 0.0748091 -0.0134336 0.997107 56.6302 
0.997152 -0.00114772 -0.0754137 -3.7744 0.00230662 0.999881 0.0152819 -0.668842 0.0753871 -0.0154124 0.997035 57.5995 
0.997046 0.000589754 -0.0768004 -3.85413 0.000267147 0.999938 0.0111468 -0.669126 0.0768022 -0.0111343 0.996984 58.5101 
0.996862 0.000972616 -0.0791534 -3.89471 -0.000667908 0.999992 0.00387598 -0.678852 0.0791566 -0.00381095 0.996855 59.4267 
0.996794 0.00386508 -0.0799137 -3.95638 -0.00395744 0.999992 -0.000997495 -0.695537 0.0799091 0.00131055 0.996801 60.2935 
0.996756 0.00773445 -0.0801149 -4.09754 -0.00775644 0.99997 3.67599e-05 -0.70841 0.0801128 0.000584766 0.996786 61.2518 
0.99664 0.0106939 -0.0812044 -4.16976 -0.0105579 0.999942 0.00210475 -0.716249 0.0812223 -0.00124034 0.996695 62.1393 
0.996532 0.0134932 -0.0821095 -4.25344 -0.0131686 0.999903 0.00449365 -0.757597 0.0821622 -0.0033968 0.996613 62.9758 
0.996483 0.0138225 -0.0826421 -4.35775 -0.0135585 0.999901 0.00375536 -0.744959 0.0826858 -0.00262165 0.996572 63.8148 
0.996317 0.0150385 -0.084418 -4.45012 -0.0146613 0.99988 0.00508713 -0.767322 0.0844843 -0.00383072 0.996417 64.678 
0.996236 0.0154412 -0.0852979 -4.54892 -0.0150649 0.999874 0.00505355 -0.75522 0.0853652 -0.00374952 0.996343 65.5305 
0.99605 0.0157518 -0.0873896 -4.59282 -0.015306 0.999866 0.0057691 -0.772876 0.0874688 -0.00440872 0.996158 66.3255 
0.995999 0.0152963 -0.088044 -4.68905 -0.0147436 0.999867 0.00692517 -0.784159 0.0881382 -0.00559938 0.996093 67.1126 
0.995795 0.0184961 -0.0897261 -4.76699 -0.017727 0.999799 0.00936117 -0.793551 0.0898812 -0.00773123 0.995922 67.93 
0.995719 0.0197369 -0.0902987 -4.87734 -0.018556 0.999731 0.0138987 -0.810581 0.0905487 -0.0121636 0.995818 68.7432 
0.995489 0.0234606 -0.0919261 -4.9509 -0.0221401 0.999637 0.0153583 -0.799663 0.092253 -0.0132538 0.995647 69.4823 
0.995313 0.0258313 -0.0931971 -5.03724 -0.0248897 0.999627 0.011251 -0.804968 0.093453 -0.00887858 0.995584 70.2279 
0.995152 0.0263661 -0.0947537 -5.11881 -0.0260842 0.999651 0.00421202 -0.821708 0.0948317 -0.00172001 0.995492 70.9971 
0.995034 0.0247531 -0.0964048 -5.1882 -0.0250031 0.999686 -0.00138627 -0.839193 0.0963403 0.00378981 0.995341 71.6982 
0.995006 0.0260941 -0.0963411 -5.29137 -0.0264753 0.999646 -0.00268084 -0.835288 0.0962371 0.00521812 0.995345 72.4115 
0.99486 0.0292162 -0.0969517 -5.363 -0.029264 0.999571 0.000929203 -0.849703 0.0969372 0.00191277 0.995289 73.0736 
0.994718 0.0288992 -0.0984954 -5.43037 -0.0287038 0.999582 0.00340064 -0.868895 0.0985525 -0.000555487 0.995132 73.7514 
0.994744 0.0253471 -0.099204 -5.50732 -0.0254838 0.999675 -0.000111 -0.875314 0.0991689 0.00263851 0.995067 74.3624 
0.994897 0.0179419 -0.0992872 -5.55427 -0.0185492 0.999814 -0.00519701 -0.892786 0.0991756 0.00701219 0.995045 74.9643 
0.995089 0.0135755 -0.0980478 -5.61608 -0.0146125 0.999845 -0.009866 -0.908445 0.0978986 0.0112503 0.995133 75.5604 
0.995357 0.0158035 -0.0949433 -5.68383 -0.0168078 0.999811 -0.00978753 -0.926918 0.0947706 0.0113379 0.995435 76.1617 
0.995651 0.0205988 -0.0908527 -5.74691 -0.0213108 0.999749 -0.00687336 -0.94037 0.0906883 0.00877961 0.995841 76.7454 
0.99613 0.0193379 -0.085744 -5.80698 -0.0197544 0.999797 -0.00401141 -0.94338 0.085649 0.0056897 0.996309 77.3111 
0.996631 0.0151287 -0.0806123 -5.83422 -0.0151835 0.999885 -6.75361e-05 -0.951025 0.080602 0.00129129 0.996746 77.8445 
0.99733 0.0104556 -0.0722806 -5.86782 -0.0101989 0.99994 0.00391957 -0.97921 0.0723173 -0.00317192 0.997377 78.378 
0.997978 0.0146649 -0.0618412 -5.88561 -0.0144741 0.999889 0.00353148 -0.982655 0.0618861 -0.00262924 0.99808 78.8821 
0.99872 0.0196434 -0.0465999 -5.92334 -0.0195192 0.999805 0.00311906 -0.992811 0.046652 -0.00220547 0.998909 79.3917 
0.999292 0.0241938 -0.0288023 -5.92843 -0.0241005 0.999703 0.00358268 -0.996127 0.0288804 -0.00288599 0.999579 79.8884 
0.999713 0.0229397 -0.00684676 -5.91 -0.0229119 0.999729 0.00411303 -1.00853 0.00693925 -0.00395498 0.999968 80.3783 
0.999606 0.0202676 0.0194292 -5.88459 -0.0203538 0.999784 0.00425202 -1.0033 -0.0193389 -0.0046458 0.999802 80.8487 
0.998644 0.0187385 0.0485605 -5.82026 -0.0190474 0.999801 0.00590658 -1.0177 -0.0484401 -0.00682353 0.998803 81.3234 
0.996496 0.0187033 0.0815243 -5.75812 -0.0193518 0.999787 0.00717167 -1.03009 -0.0813728 -0.00872418 0.996646 81.7777 
0.992672 0.0185589 0.119405 -5.70767 -0.0195875 0.99978 0.00744627 -1.03568 -0.119241 -0.00973055 0.992818 82.1847 
0.986769 0.0189276 0.161023 -5.60412 -0.0202898 0.999771 0.00681923 -1.03234 -0.160857 -0.00999612 0.986927 82.6148 
0.978284 0.0195729 0.206341 -5.49498 -0.0212432 0.999757 0.00588253 -1.03491 -0.206176 -0.0101381 0.978462 83.0334 
0.966575 0.0215034 0.255482 -5.36337 -0.0231669 0.999725 0.00350314 -1.04691 -0.255336 -0.00930476 0.966807 83.4347 
0.950893 0.023034 0.308663 -5.20401 -0.0240747 0.99971 -0.000437109 -1.04841 -0.308583 -0.00701531 0.951171 83.8257 
0.931106 0.0230114 0.364022 -5.02652 -0.0237282 0.999715 -0.00250364 -1.06758 -0.363976 -0.00630644 0.931387 84.1854 
0.906576 0.0233302 0.421398 -4.83611 -0.0234582 0.999713 -0.00488098 -1.07498 -0.421391 -0.00546028 0.906863 84.5317 
0.876943 0.0239423 0.479998 -4.6139 -0.0233435 0.999701 -0.00721732 -1.08767 -0.480027 -0.00487565 0.87724 84.8703 
0.843469 0.0226382 0.536701 -4.37796 -0.0204717 0.99974 -0.00999638 -1.09793 -0.536788 -0.00255552 0.843713 85.1672 
0.805605 0.0233841 0.591991 -4.11825 -0.0198523 0.999725 -0.0124741 -1.10109 -0.59212 -0.00170319 0.805848 85.4729 
0.766765 0.0219361 0.641552 -3.84241 -0.018787 0.999755 -0.0117302 -1.11555 -0.641652 -0.00305855 0.76699 85.7045 
0.723879 0.021822 0.689582 -3.55157 -0.0195971 0.999747 -0.0110654 -1.12004 -0.689648 -0.0055038 0.724123 85.9527 
0.679234 0.0204385 0.733637 -3.24631 -0.0193819 0.999763 -0.0099079 -1.14177 -0.733665 -0.00748948 0.67947 86.1636 
0.632406 0.0191805 0.774399 -2.93896 -0.0155431 0.999806 -0.0120702 -1.15093 -0.774481 -0.0044033 0.632582 86.3635 
0.585638 0.0173092 0.810388 -2.62146 -0.0105407 0.99985 -0.0137386 -1.1585 -0.810504 -0.000496174 0.585732 86.5354 
0.538786 0.0194201 0.842219 -2.29104 -0.0119398 0.99981 -0.0154157 -1.17182 -0.842358 -0.00175017 0.538916 86.7025 
0.491195 0.0221492 0.870768 -1.96149 -0.0155431 0.99974 -0.016662 -1.1883 -0.870911 -0.00535019 0.491411 86.8566 
0.44541 0.0240512 0.895004 -1.61502 -0.0157533 0.999695 -0.0190248 -1.202 -0.895188 -0.00562541 0.445653 86.9958 
0.403016 0.0216662 0.914937 -1.25321 -0.00776477 0.999765 -0.0202547 -1.21122 -0.91516 0.00105869 0.403089 87.1127 
0.363712 0.0140075 0.931406 -0.888967 0.00668564 0.999822 -0.0176471 -1.22803 -0.931487 0.0126455 0.363554 87.1998 
0.328209 0.0105833 0.944546 -0.522179 0.0120863 0.999808 -0.0154022 -1.22923 -0.944528 0.0164712 0.328018 87.2913 
0.295151 0.0146755 0.955338 -0.151611 0.00965194 0.999785 -0.0183402 -1.2387 -0.955402 0.014634 0.294946 87.386 
0.263786 0.0227084 0.964314 0.227413 0.000590291 0.999719 -0.0237036 -1.2434 -0.964581 0.00682191 0.263699 87.4921 
0.235376 0.0268849 0.971532 0.582721 -0.00504278 0.999638 -0.0264409 -1.26649 -0.971891 0.00132434 0.235426 87.5767 
0.210293 0.0281518 0.977233 0.856398 -0.00385501 0.999601 -0.0279666 -1.31029 -0.977631 0.00211392 0.210317 87.5983 
0.186681 0.0299664 0.981964 1.3889 0.00419409 0.999501 -0.031299 -1.30094 -0.982412 0.00996135 0.186462 87.681 
0.166201 0.0363765 0.985421 1.80286 0.0107998 0.999192 -0.0387064 -1.30555 -0.986033 0.0170754 0.165673 87.7312 
0.148128 0.0427779 0.988043 2.13964 0.0160039 0.99883 -0.0456443 -1.29966 -0.988839 0.0225737 0.14727 87.7235 
0.130477 0.0435543 0.990494 2.54699 0.0131249 0.998871 -0.0456516 -1.3213 -0.991364 0.0189567 0.129759 87.7735 
0.1143 0.0392618 0.99267 3.09222 0.0119364 0.999092 -0.0408902 -1.36815 -0.993375 0.0165226 0.113727 87.8621 
0.0995736 0.0354249 0.994399 3.60121 0.0111601 0.999263 -0.0367157 -1.43213 -0.994968 0.0147535 0.0991049 87.9155 
0.0876214 0.0335381 0.995589 3.9942 0.0150337 0.999275 -0.0349854 -1.40986 -0.99604 0.0180328 0.0870537 87.8804 
0.0763395 0.0323634 0.996557 4.49679 0.0204538 0.999212 -0.0340165 -1.42902 -0.996872 0.0229802 0.0756174 87.9032 
0.0656047 0.0330552 0.997298 4.97989 0.0230358 0.999135 -0.0346314 -1.45766 -0.99758 0.0252455 0.0647864 87.9415 
0.0581572 0.033619 0.997741 5.52988 0.0249454 0.999072 -0.0351179 -1.47626 -0.997996 0.0269314 0.0572646 87.958 
0.0524252 0.0339542 0.998047 6.09907 0.0276627 0.998989 -0.0354393 -1.50518 -0.998242 0.0294666 0.051433 88.0008 
0.0468586 0.0356112 0.998267 6.59103 0.030207 0.998857 -0.0370502 -1.482 -0.998445 0.0318908 0.0457294 88.0255 
0.0413858 0.0355377 0.998511 7.17096 0.0304156 0.998859 -0.0368107 -1.53461 -0.99868 0.0318938 0.0402577 88.027 
0.0365641 0.0358145 0.998689 7.82096 0.0323074 0.998793 -0.0370011 -1.57032 -0.998809 0.0336179 0.0353628 88.0579 
0.0339213 0.0361814 0.998769 8.34891 0.0344876 0.998707 -0.0373504 -1.56902 -0.998829 0.0357122 0.0326296 88.0616 
0.0313892 0.0355486 0.998875 8.95068 0.0364919 0.99866 -0.0366877 -1.59675 -0.998841 0.0376024 0.0300499 88.0668 
0.0284774 0.0345435 0.998997 9.65069 0.0369099 0.998685 -0.0355849 -1.64094 -0.998913 0.0378863 0.027165 88.0951 
0.0272033 0.0346262 0.99903 10.2382 0.0403961 0.998545 -0.0357094 -1.6561 -0.998813 0.0413284 0.025765 88.1094 
0.0283508 0.0341797 0.999014 10.9206 0.0441644 0.998396 -0.0354119 -1.68404 -0.998622 0.0451248 0.0267958 88.1287 
0.0314798 0.0335246 0.998942 11.6209 0.0444478 0.998402 -0.0349071 -1.7437 -0.998516 0.0454996 0.0299394 88.1016 
0.0354604 0.0337983 0.998799 12.2436 0.0479223 0.998221 -0.0354801 -1.74286 -0.998221 0.0491229 0.0337776 88.1236 
0.0392894 0.0333056 0.998673 13.0401 0.0471657 0.998269 -0.0351477 -1.78589 -0.998114 0.0484841 0.0376505 88.1787 
0.044713 0.0319238 0.99849 13.7023 0.051241 0.9981 -0.034206 -1.77649 -0.997685 0.0526931 0.0429923 88.1528 
0.0484404 0.0303228 0.998366 14.4188 0.0496347 0.998231 -0.032727 -1.81111 -0.997592 0.0511388 0.0468496 88.1905 
0.0528979 0.0281603 0.998203 15.2303 0.047302 0.99841 -0.0306728 -1.84035 -0.997479 0.0488395 0.0514817 88.2402 
0.0572162 0.0270937 0.997994 15.9962 0.0459549 0.998501 -0.0297421 -1.86777 -0.997304 0.0475644 0.0558853 88.2673 
0.060395 0.0275942 0.997793 16.742 0.0406742 0.99872 -0.0300817 -1.9261 -0.997346 0.0424012 0.0591953 88.3356 
0.0639932 0.0317205 0.997446 17.5729 0.0395018 0.998631 -0.0342925 -1.95151 -0.997168 0.0415954 0.0626526 88.3884 
0.0652356 0.0374662 0.997166 18.3875 0.035448 0.998577 -0.0398382 -1.97103 -0.99724 0.0379464 0.0638147 88.4522 
0.0654222 0.0400353 0.997054 19.174 0.0324321 0.998582 -0.0422246 -2.02064 -0.99733 0.035099 0.064031 88.499 
0.065392 0.0394232 0.997081 19.963 0.0295874 0.998703 -0.0414278 -2.06933 -0.997421 0.0322101 0.0641408 88.5563 
0.0655069 0.0376804 0.99714 20.7798 0.0279921 0.998824 -0.039583 -2.10415 -0.997459 0.030505 0.0643751 88.6121 
0.0654867 0.0363238 0.997192 21.6111 0.0282858 0.998868 -0.0382424 -2.15399 -0.997452 0.0307107 0.0643852 88.672 
0.0664151 0.0355661 0.997158 22.4166 0.0267855 0.998941 -0.0374137 -2.19981 -0.997432 0.0291942 0.0653921 88.7144 
0.0665875 0.0354725 0.99715 23.2367 0.0248887 0.998998 -0.0372003 -2.25305 -0.99747 0.0272949 0.0656379 88.7742 
0.0669273 0.0365911 0.997087 24.0318 0.0216089 0.99904 -0.0381132 -2.28261 -0.997524 0.0240968 0.0660723 88.8246 
0.0652074 0.0376411 0.997162 24.8498 0.0183544 0.999074 -0.0389136 -2.33655 -0.997703 0.0208398 0.0644562 88.8945 
0.0622767 0.0375306 0.997353 25.6711 0.0156975 0.999132 -0.0385777 -2.36821 -0.997935 0.0180585 0.0616335 88.9511 
0.0584404 0.0365995 0.99762 26.4899 0.0148333 0.999186 -0.0375259 -2.40003 -0.998181 0.016991 0.0578499 89.0047 
0.0539667 0.0336411 0.997976 27.2927 0.0119662 0.999339 -0.0343342 -2.44894 -0.998471 0.0137949 0.0535285 89.0423 
0.0477523 0.0312171 0.998371 28.0488 0.00920943 0.999455 -0.0316915 -2.49964 -0.998817 0.0107078 0.0474388 89.0746 
0.0404877 0.0320993 0.998664 28.9176 0.0104062 0.999416 -0.0325453 -2.51689 -0.999126 0.0117099 0.04013 89.1173 
0.0321389 0.0326098 0.998951 29.7245 0.0104006 0.999403 -0.0329592 -2.57166 -0.999429 0.0114489 0.0317806 89.1292 
0.022035 0.0331273 0.999208 30.529 0.0101598 0.999392 -0.0333575 -2.60852 -0.999706 0.0108868 0.0216851 89.1486 
0.0124932 0.0323703 0.999398 31.3215 0.0138837 0.999374 -0.0325431 -2.63872 -0.999826 0.0142819 0.0120359 89.1438 
0.00152193 0.0310172 0.999518 32.1259 0.0113052 0.999454 -0.0310325 -2.68146 -0.999935 0.011347 0.00117045 89.156 
-0.0103042 0.0303948 0.999485 32.9891 0.012262 0.999467 -0.0302678 -2.71148 -0.999872 0.0119438 -0.0106714 89.1644 
-0.0206267 0.0299188 0.999339 33.6753 0.0110285 0.999498 -0.0296959 -2.76438 -0.999726 0.0104087 -0.0209463 89.1241 
-0.0320448 0.0297486 0.999044 34.4612 0.0106505 0.99951 -0.0294209 -2.83147 -0.99943 0.00969752 -0.0323459 89.1135 
-0.0423511 0.0336744 0.998535 35.2736 0.0160227 0.999326 -0.0330215 -2.78417 -0.998974 0.0146007 -0.0428621 89.0834 
-0.0520799 0.0345118 0.998046 36.0674 0.0158455 0.999305 -0.0337285 -2.82568 -0.998517 0.014058 -0.0525906 89.0137 
-0.061682 0.0351136 0.997478 36.7891 0.018154 0.999255 -0.0340535 -2.86368 -0.997931 0.0160077 -0.0622735 88.9722 
-0.0710008 0.035726 0.996836 37.5486 0.0190778 0.999224 -0.0344527 -2.89816 -0.997294 0.0165713 -0.0716273 88.9098 
-0.0799985 0.0364333 0.996129 38.2792 0.0203177 0.999184 -0.0349134 -2.92263 -0.996588 0.017446 -0.0806734 88.8357 
-0.0887378 0.0355077 0.995422 39.0151 0.0199831 0.999227 -0.033862 -2.9756 -0.995855 0.0168868 -0.0893788 88.7723 
-0.0951001 0.0354653 0.994836 39.7247 0.0256414 0.999121 -0.0331669 -2.97772 -0.995137 0.0223548 -0.0959259 88.6685 
-0.100389 0.0332295 0.994393 40.455 0.0266554 0.999173 -0.0306982 -3.02862 -0.994591 0.0234242 -0.101192 88.59 
-0.104267 0.0316344 0.994046 41.2121 0.0307531 0.999119 -0.0285701 -3.06497 -0.994074 0.0275911 -0.105147 88.5106 
-0.107137 0.0300802 0.993789 41.967 0.0313226 0.999148 -0.0268656 -3.10578 -0.993751 0.0282498 -0.107988 88.4347 
-0.107549 0.0309423 0.993718 42.5855 0.0352328 0.999006 -0.0272937 -3.08558 -0.993575 0.0320761 -0.108532 88.3343 
-0.108736 0.0307998 0.993593 43.3646 0.0347105 0.999028 -0.0271696 -3.14243 -0.993464 0.0315339 -0.109699 88.2644 
-0.108339 0.0314448 0.993617 43.9938 0.0352572 0.998992 -0.0277706 -3.17826 -0.993489 0.0320235 -0.109338 88.2021 
-0.105017 0.0329275 0.993925 44.5769 0.0353957 0.998942 -0.0293538 -3.20981 -0.99384 0.0320981 -0.106071 88.1244 
-0.100081 0.0338846 0.994402 45.2214 0.0371854 0.998849 -0.0302937 -3.2257 -0.994284 0.0339454 -0.101226 88.0828 
-0.0914629 0.0342472 0.995219 45.8138 0.0358383 0.998874 -0.0310794 -3.26422 -0.995163 0.0328244 -0.0925873 88.0221 
-0.0802971 0.0345167 0.996173 46.4146 0.0356513 0.99886 -0.0317362 -3.28851 -0.996133 0.0329666 -0.0814362 87.9811 
-0.0672722 0.0348378 0.997126 47.0032 0.0342668 0.998881 -0.0325873 -3.32187 -0.997146 0.0319761 -0.0683908 87.9669 
-0.0486913 0.0377762 0.998099 47.5002 0.0354674 0.99872 -0.0360695 -3.31367 -0.998184 0.0336437 -0.0499688 87.9168 
-0.0273403 0.0395285 0.998844 48.0802 0.0330463 0.998707 -0.0386185 -3.36463 -0.99908 0.0319523 -0.0286113 87.9161 
-0.00229856 0.0423492 0.9991 48.5733 0.0303403 0.998646 -0.0422601 -3.39434 -0.999537 0.0302158 -0.00358033 87.9208 
0.0256783 0.0443859 0.998684 49.1175 0.0286776 0.99857 -0.0451182 -3.42006 -0.999259 0.0297984 0.0243687 87.9569 
0.059022 0.0433657 0.997314 49.6459 0.0254612 0.998666 -0.0449313 -3.45915 -0.997932 0.0280447 0.0578391 88.002 
0.0975857 0.0407988 0.994391 50.1844 0.0226058 0.998811 -0.0431986 -3.48662 -0.99497 0.0266945 0.0965473 88.0685 
0.139998 0.0368268 0.989467 50.6807 0.0190004 0.999024 -0.0398709 -3.52146 -0.989969 0.0243822 0.139162 88.1546 
0.186206 0.0321173 0.981986 51.1781 0.0158537 0.999237 -0.0356878 -3.55781 -0.982383 0.0222134 0.185554 88.2574 
0.233879 0.0291887 0.971828 51.7171 0.0100565 0.999423 -0.0324377 -3.57688 -0.972214 0.0173597 0.23345 88.4115 
0.285751 0.0273298 0.957914 52.22 0.00575212 0.999526 -0.0302329 -3.60845 -0.958287 0.0141491 0.285458 88.5758 
0.340678 0.027143 0.939788 52.7231 0.00416764 0.99953 -0.0303793 -3.62725 -0.940171 0.0142663 0.340405 88.7674 
0.398233 0.0278669 0.916861 53.1664 0.00554377 0.999447 -0.0327849 -3.64669 -0.917268 0.0181389 0.397858 88.9971 
0.458067 0.0311715 0.888371 53.5737 0.00573215 0.999261 -0.0380181 -3.66876 -0.888899 0.0225071 0.45755 89.2396 
0.517741 0.0352686 0.85481 53.9645 0.00596075 0.998977 -0.0448271 -3.67883 -0.855517 0.0283041 0.517001 89.5095 
0.575991 0.0397637 0.816488 54.3372 0.000829219 0.998787 -0.0492268 -3.69285 -0.817456 0.0290313 0.57526 89.8059 
0.631641 0.0432068 0.774056 54.6745 -0.00459906 0.998637 -0.0519897 -3.71091 -0.775247 0.0292789 0.630979 90.1293 
0.684203 0.044728 0.727919 54.9769 -0.0078215 0.99851 -0.0540031 -3.72919 -0.72925 0.0312557 0.683533 90.4548 
0.733087 0.0423213 0.678816 55.283 -0.00887126 0.998572 -0.0526762 -3.75584 -0.680077 0.0325943 0.732416 90.8284 
0.777738 0.0381295 0.627431 55.5456 -0.0113809 0.998849 -0.0465935 -3.78445 -0.628485 0.0290968 0.777277 91.2136 
0.818413 0.0341048 0.573617 55.7708 -0.0138042 0.999116 -0.0397079 -3.79885 -0.574464 0.0245792 0.818161 91.6011 
0.854121 0.031954 0.519091 55.9792 -0.0174153 0.999308 -0.0328596 -3.81416 -0.519782 0.0190259 0.854087 92.0249 
0.88426 0.0286046 0.466118 56.1194 -0.01928 0.999507 -0.0247619 -3.84361 -0.466597 0.0129091 0.884376 92.374 
0.9092 0.0286181 0.415376 56.2566 -0.0229926 0.999564 -0.0185392 -3.86389 -0.415725 0.00730525 0.909461 92.7564 
0.928584 0.0319601 0.369743 56.4056 -0.0286723 0.999485 -0.0143858 -3.89038 -0.370012 0.00275704 0.929023 93.2554 
0.943412 0.0358251 0.329681 56.5352 -0.0341311 0.999358 -0.010927 -3.9056 -0.329861 -0.000943726 0.944029 93.735 
0.954772 0.0418171 0.294382 56.6337 -0.0402269 0.999125 -0.0114576 -3.90798 -0.294604 -0.000902692 0.955619 94.1638 
0.963855 0.0425477 0.263008 56.7508 -0.0410117 0.999094 -0.0113299 -3.89246 -0.263252 0.000134028 0.964727 94.6408 
0.969658 0.0373178 0.2416 56.8454 -0.0357071 0.999301 -0.0110431 -3.91184 -0.241843 0.00208123 0.970313 95.1595 
0.973581 0.0340184 0.225793 56.9514 -0.0325132 0.999417 -0.0103827 -3.92285 -0.226015 0.00276709 0.97412 95.6376 
0.976182 0.0378967 0.213616 57.0316 -0.0364444 0.999278 -0.0107341 -3.92546 -0.213869 0.00269336 0.976859 96.2092 
0.978083 0.0431503 0.203696 57.1109 -0.0420307 0.999068 -0.00982168 -3.94069 -0.20393 0.00104494 0.978985 96.5813 
0.978944 0.0513816 0.197558 57.1957 -0.0502668 0.998679 -0.0106564 -3.95656 -0.197845 0.00050141 0.980233 97.0782 
0.979266 0.0567187 0.194475 57.2933 -0.0549631 0.998384 -0.0144155 -3.96253 -0.194978 0.00342771 0.980802 97.5654 
0.97911 0.0597435 0.194358 57.3763 -0.0574658 0.998197 -0.0173414 -3.95411 -0.195044 0.00581018 0.980777 98.1945 
0.979088 0.0535682 0.196258 57.4635 -0.0504846 0.998511 -0.0206846 -4.00148 -0.197074 0.010344 0.980334 98.6719 
0.978225 0.0533353 0.200579 57.5787 -0.0487577 0.998427 -0.0276968 -3.99869 -0.20174 0.0173139 0.979286 99.2793 
0.977478 0.0535011 0.204144 57.6985 -0.0479223 0.998333 -0.0321778 -4.021 -0.205525 0.0216701 0.978412 99.8119 
0.976181 0.0585467 0.208908 57.8064 -0.053183 0.998097 -0.0312053 -4.07729 -0.210337 0.0193517 0.977437 100.39 
0.974619 0.0627266 0.214904 57.9237 -0.058163 0.997928 -0.0275002 -4.0951 -0.216183 0.0143028 0.976248 100.995 
0.973966 0.0582602 0.219078 58.0759 -0.0544691 0.998243 -0.0233106 -4.09458 -0.220052 0.0107708 0.975429 101.573 
0.973163 0.0557597 0.223258 58.2135 -0.0533537 0.998434 -0.016799 -4.15475 -0.223845 0.0044366 0.974615 102.153 
0.97248 0.0526356 0.226961 58.3554 -0.0511498 0.998614 -0.0124274 -4.17036 -0.2273 0.000476384 0.973825 102.783 
0.971888 0.0498249 0.230113 58.5121 -0.0484115 0.998758 -0.0117876 -4.18516 -0.230414 0.000316104 0.973093 103.404 
0.972423 0.0409256 0.229603 58.676 -0.038494 0.999145 -0.0150617 -4.17763 -0.230024 0.00580798 0.973168 104.026 
0.972585 0.0400762 0.229068 58.8288 -0.0359587 0.999108 -0.0221225 -4.19906 -0.22975 0.0132791 0.973159 104.677 
0.972546 0.0433735 0.228631 58.9698 -0.0377729 0.998871 -0.0288176 -4.21586 -0.229623 0.0193904 0.973086 105.412 
0.97333 0.0444067 0.225071 59.1378 -0.0380987 0.998752 -0.0322949 -4.23049 -0.226225 0.0228586 0.973807 105.967 
0.973788 0.0445958 0.223042 59.3314 -0.0392013 0.998823 -0.0285576 -4.24108 -0.224053 0.0190655 0.97439 106.817 
0.974121 0.0411655 0.222248 59.4267 -0.037608 0.999088 -0.0202169 -4.29956 -0.222878 0.0113354 0.97478 107.441 
0.974652 0.0417207 0.219802 59.5853 -0.0395519 0.999116 -0.0142605 -4.33334 -0.220203 0.00520542 0.97544 108.135 
0.974943 0.0453838 0.217776 59.7452 -0.0432057 0.998957 -0.0147555 -4.34849 -0.218219 0.00497656 0.975887 108.838 
0.974935 0.0515061 0.216447 59.8707 -0.0485134 0.998639 -0.019121 -4.39645 -0.217137 0.00814118 0.976107 109.66 
0.975828 0.0515374 0.212378 60.019 -0.0473819 0.998574 -0.0246134 -4.39617 -0.213343 0.0139556 0.976878 110.334 
0.976727 0.0501093 0.20855 60.1696 -0.0453492 0.998591 -0.0275468 -4.41938 -0.209637 0.0174481 0.977624 111.087 
0.977695 0.0477016 0.204543 60.335 -0.0433403 0.998728 -0.0257517 -4.44552 -0.205511 0.0163123 0.978519 111.86 
0.978568 0.0439634 0.201178 60.4839 -0.0399739 0.998916 -0.0238525 -4.45543 -0.202009 0.0152994 0.979264 112.601 
0.979032 0.0429301 0.199134 60.6615 -0.0396134 0.999002 -0.020612 -4.51499 -0.19982 0.0122914 0.979756 113.415 
0.979414 0.0391392 0.19803 60.812 -0.0362421 0.999177 -0.0182345 -4.53319 -0.19858 0.0106822 0.980026 114.197 
0.979584 0.0353235 0.197908 60.9721 -0.0326536 0.999327 -0.0167391 -4.56566 -0.198366 0.00993491 0.980078 115.03 
0.979857 0.0351646 0.196581 61.151 -0.0328014 0.999345 -0.0152653 -4.58054 -0.196989 0.00850971 0.980369 115.823 
0.979421 0.0402385 0.197778 61.2657 -0.0375858 0.999146 -0.0171499 -4.60491 -0.198299 0.00936333 0.980097 116.615 
0.979068 0.0462171 0.198217 61.4206 -0.0429673 0.998863 -0.0206675 -4.6219 -0.198947 0.011718 0.97994 117.453 
0.978513 0.0543039 0.198904 61.5795 -0.0507587 0.998449 -0.0228832 -4.62104 -0.199838 0.0122954 0.979752 118.336 
0.977352 0.0620759 0.202313 61.7184 -0.0588892 0.998028 -0.0217386 -4.67105 -0.203263 0.00933227 0.97908 119.151 
0.976729 0.0634605 0.204876 61.921 -0.0607413 0.997962 -0.0195405 -4.69341 -0.205698 0.0066413 0.978593 120.046 
0.976113 0.0645806 0.207444 62.0898 -0.061597 0.997884 -0.0208167 -4.71941 -0.208349 0.00754155 0.978025 120.89 
0.975948 0.0613827 0.209184 62.2779 -0.0577785 0.998057 -0.0233035 -4.74439 -0.210208 0.0106567 0.977599 121.747 
0.976008 0.0563983 0.210302 62.4633 -0.0529789 0.998356 -0.0218626 -4.77283 -0.21119 0.0101965 0.977392 122.576 
0.976321 0.0488119 0.21075 62.6431 -0.0448283 0.998715 -0.0236415 -4.78897 -0.211633 0.0136341 0.977254 123.436 
0.976041 0.0481339 0.212198 62.8193 -0.0441393 0.998748 -0.0235249 -4.8205 -0.213065 0.013595 0.976944 124.273 
0.975679 0.0506879 0.213262 63.0334 -0.0472642 0.998659 -0.0211253 -4.84225 -0.214047 0.0105319 0.976767 125.194 
0.975198 0.0530128 0.214891 63.1878 -0.0510074 0.998588 -0.0148707 -4.87996 -0.215376 0.00354086 0.976525 126.019 
0.974951 0.0534053 0.215913 63.348 -0.0521972 0.998573 -0.0112979 -4.89656 -0.216208 -0.000255121 0.976347 126.839 
0.974785 0.0544827 0.216394 63.5616 -0.0521112 0.998502 -0.0166542 -4.95443 -0.216977 0.0049577 0.976164 127.709 
0.975148 0.0499721 0.215845 63.7487 -0.0443094 0.998537 -0.0309981 -4.98533 -0.217078 0.0206638 0.975936 128.526 
0.975455 0.048056 0.214893 63.9467 -0.0404187 0.99839 -0.0397964 -5.01482 -0.21646 0.0301339 0.975826 129.361 
0.975444 0.0458565 0.215419 64.0905 -0.0401743 0.998721 -0.0306849 -5.04319 -0.21655 0.0212771 0.97604 130.211 
0.975893 0.038615 0.214806 64.2658 -0.0373482 0.999253 -0.00995469 -5.07045 -0.21503 0.00169208 0.976606 131.061 
0.976204 0.0347663 0.214048 64.4612 -0.0365344 0.999323 0.00430858 -5.08165 -0.213753 -0.0120262 0.976814 131.954 
0.976162 0.0388251 0.21354 64.622 -0.0395547 0.999217 -0.000856331 -5.11437 -0.213406 -0.0076106 0.976934 132.761 
0.976221 0.0479394 0.211412 64.7955 -0.0452557 0.998822 -0.0175174 -5.11646 -0.212003 0.00753323 0.97724 133.602 
0.976668 0.0470304 0.209544 64.9478 -0.042675 0.99877 -0.0252611 -5.13422 -0.210474 0.0157294 0.977473 134.326 
0.977267 0.0431676 0.207571 65.1249 -0.0386635 0.998922 -0.025709 -5.16731 -0.208457 0.0170991 0.977882 135.163 
0.977871 0.0428468 0.204776 65.2821 -0.0387472 0.998961 -0.0239895 -5.20211 -0.205591 0.0155241 0.978515 135.926 
0.978698 0.0436805 0.200604 65.5082 -0.0393416 0.998899 -0.0255671 -5.22093 -0.2015 0.0171304 0.979339 136.85 
0.979759 0.0443764 0.1952 65.6755 -0.0398643 0.998841 -0.026985 -5.25375 -0.196171 0.0186573 0.980392 137.648 
0.98005 0.0491468 0.19258 65.806 -0.0446501 0.998621 -0.0276232 -5.2713 -0.193672 0.0184734 0.980892 138.455 
0.980065 0.0558385 0.190669 65.9483 -0.0514494 0.998286 -0.0278965 -5.29684 -0.1919 0.0175305 0.981258 139.283 
0.980332 0.0575325 0.188783 66.0914 -0.0537692 0.99824 -0.0249998 -5.34783 -0.189889 0.0143574 0.981701 140.073 
0.980643 0.0551867 0.187867 66.2354 -0.0522391 0.998422 -0.020609 -5.37119 -0.188708 0.010396 0.981978 140.89 
0.981076 0.0535581 0.186071 66.3946 -0.0506321 0.998508 -0.020445 -5.40307 -0.186888 0.010637 0.982324 141.694 
0.981637 0.0517623 0.183602 66.535 -0.0482357 0.998557 -0.0236254 -5.43087 -0.18456 0.0143354 0.982717 142.513 
0.982827 0.0467488 0.178512 66.6764 -0.0426207 0.998729 -0.0268921 -5.46947 -0.179542 0.0188219 0.98357 143.292 
0.983944 0.0437132 0.17304 66.7825 -0.0395035 0.998835 -0.0276994 -5.50025 -0.174049 0.020419 0.984525 144.098 
0.98517 0.0420911 0.166337 66.9259 -0.0389082 0.998993 -0.0223493 -5.52464 -0.16711 0.015546 0.985816 144.904 
0.98608 0.0397837 0.161443 67.0126 -0.0380437 0.99918 -0.0138562 -5.552 -0.161862 0.00752145 0.986785 145.706 
0.986737 0.0365055 0.158167 67.1316 -0.0362939 0.999332 -0.0042272 -5.57969 -0.158216 -0.00156938 0.987403 146.523 
0.987066 0.0437368 0.15423 67.25 -0.0440232 0.999029 -0.00155976 -5.59112 -0.154148 -0.0052501 0.988034 147.322 
0.987717 0.046455 0.149191 67.3635 -0.0460963 0.99892 -0.00586315 -5.61423 -0.149302 -0.00108602 0.988791 148.1 
0.988662 0.0465232 0.14277 67.4242 -0.0447284 0.998875 -0.0157568 -5.6328 -0.143342 0.00919226 0.98963 148.949 
0.989721 0.0441034 0.136042 67.5586 -0.0415039 0.998899 -0.0218872 -5.63217 -0.136858 0.0160159 0.990461 149.676 
0.990684 0.0424095 0.129411 67.6462 -0.0400927 0.998987 -0.0204568 -5.66102 -0.130147 0.0150778 0.99138 150.565 
0.99124 0.0494549 0.122468 67.7087 -0.0477162 0.998715 -0.017092 -5.6865 -0.123155 0.0110985 0.992325 151.362 
0.992057 0.0541764 0.113527 67.8079 -0.0524408 0.998458 -0.0182217 -5.70844 -0.114339 0.0121235 0.993368 152.198 
0.992998 0.0579947 0.102912 67.8977 -0.0557782 0.998148 -0.024289 -5.72621 -0.10413 0.0183787 0.994394 152.966 
0.993865 0.0572092 0.0946521 67.957 -0.0549654 0.998146 -0.0261475 -5.75811 -0.0959725 0.0207845 0.995167 153.852 
0.994658 0.0564199 0.0864461 68.0237 -0.0546262 0.998242 -0.0229783 -5.78803 -0.0875906 0.0181333 0.995991 154.676 
0.995037 0.0596463 0.0796527 68.057 -0.0585524 0.998156 -0.0160021 -5.80329 -0.0804603 0.0112589 0.996694 155.447 
0.995464 0.0627986 0.0714751 68.0993 -0.062236 0.998011 -0.010073 -5.82554 -0.0719655 0.00557895 0.997392 156.276 
0.995997 0.0617924 0.0645848 68.1315 -0.0614834 0.998085 -0.00676328 -5.84002 -0.0648791 0.00276531 0.997889 157.123 
0.996376 0.0620538 0.0581674 68.1787 -0.0618794 0.998072 -0.00479696 -5.84877 -0.0583529 0.00118021 0.998295 157.937 
0.996592 0.0623361 0.0540268 68.2083 -0.0620922 0.998051 -0.00618226 -5.88432 -0.0543069 0.00280655 0.99852 158.77 
0.996515 0.0671682 0.0494613 68.2335 -0.0666916 0.99771 -0.0112262 -5.90691 -0.0501021 0.00788842 0.998713 159.584 
0.996063 0.075797 0.0459697 68.2525 -0.0750185 0.997012 -0.0184329 -5.92545 -0.0472295 0.0149118 0.998773 160.382 
0.996177 0.0762572 0.0426131 68.2816 -0.0754373 0.996939 -0.0205311 -5.94533 -0.0440483 0.017238 0.998881 161.211 
0.996087 0.0787628 0.0400881 68.2884 -0.0782528 0.996833 -0.0141381 -5.96704 -0.0410747 0.0109458 0.999096 162.053 
0.995891 0.0818613 0.0387297 68.3101 -0.0817705 0.996643 -0.00392556 -5.9857 -0.0389211 0.000742476 0.999242 162.878 
0.995971 0.082185 0.0358796 68.3195 -0.0823758 0.996594 0.00386987 -6.00305 -0.0354394 -0.00680989 0.999349 163.707 
0.996499 0.0779054 0.0303529 68.3422 -0.0779632 0.996956 0.000723188 -6.01544 -0.0302042 -0.00308707 0.999539 164.53 
0.997343 0.0685595 0.0246243 68.3766 -0.0683512 0.997619 -0.00920511 -6.03684 -0.0251967 0.00749756 0.999654 165.32 
0.997615 0.0667714 0.0175082 68.3932 -0.0665332 0.997688 -0.0138508 -6.04633 -0.0183925 0.0126529 0.999751 166.116 
0.997519 0.0696301 0.010347 68.3821 -0.0695051 0.99751 -0.0119888 -6.06485 -0.011156 0.0112399 0.999875 166.973 
0.997703 0.0676772 0.00280714 68.3886 -0.0676619 0.997695 -0.00524028 -6.0854 -0.00315531 0.00503831 0.999982 167.775 
0.997946 0.0639055 -0.00437128 68.4021 -0.0639142 0.997954 -0.00187085 -6.0968 0.00424277 0.00214639 0.999989 168.579 
0.998452 0.0547197 -0.0100049 68.4032 -0.0546978 0.9985 0.00245114 -6.10196 0.010124 -0.0019001 0.999947 169.401 
0.998706 0.048069 -0.0166304 68.3954 -0.0480283 0.998842 0.00283815 -6.10549 0.0167475 -0.00203575 0.999858 170.237 
0.99876 0.0440481 -0.0232058 68.3802 -0.0441415 0.999019 -0.00352681 -6.12316 0.0230277 0.00454678 0.999724 171.045 
0.998873 0.0363538 -0.0305252 68.3553 -0.0367861 0.999229 -0.0137227 -6.13311 0.0300028 0.0148301 0.99944 171.878 
0.998992 0.0249166 -0.0373383 68.3407 -0.0255899 0.999516 -0.0176645 -6.14244 0.0368801 0.0186022 0.999147 172.704 
0.99857 0.0308376 -0.0436689 68.3056 -0.0313017 0.99946 -0.00998251 -6.17196 0.0433375 0.0113351 0.998996 173.534 
0.997977 0.0414304 -0.0482232 68.2294 -0.0413237 0.999141 0.00320886 -6.17745 0.0483147 -0.00120961 0.998831 174.418 
0.997508 0.0469169 -0.0526948 68.176 -0.046388 0.998861 0.0112153 -6.20165 0.053161 -0.00874293 0.998548 175.225 
0.997272 0.0471785 -0.0567666 68.135 -0.046787 0.998871 0.00820641 -6.21285 0.0570897 -0.00552808 0.998354 176.033 
0.997096 0.0484162 -0.0587859 68.0741 -0.0486379 0.998814 -0.00234539 -6.21125 0.0586026 0.00519781 0.998268 176.871 
0.996318 0.059354 -0.0618741 67.9795 -0.0601924 0.998117 -0.011773 -6.21829 0.0610589 0.015454 0.998015 177.765 
0.996349 0.0564163 -0.0640737 67.9255 -0.0574971 0.998231 -0.015149 -6.22542 0.0631057 0.0187777 0.99783 178.547 
0.996416 0.0524919 -0.0663325 67.881 -0.053288 0.998526 -0.010288 -6.24965 0.0656947 0.0137859 0.997745 179.401 
0.996421 0.0528695 -0.0659553 67.8329 -0.0530965 0.998588 -0.00169311 -6.26077 0.0657727 0.00518905 0.997821 180.245 
0.99634 0.0549779 -0.0654542 67.7613 -0.0548172 0.998487 0.00424962 -6.28117 0.0655889 -0.00064605 0.997847 181.11 
0.99622 0.0549051 -0.0673203 67.7036 -0.0548262 0.998491 0.00302039 -6.28466 0.0673846 0.000681943 0.997727 181.942 
0.996315 0.0497733 -0.0698438 67.629 -0.0503092 0.998716 -0.0059335 -6.29017 0.0694588 0.00942542 0.99754 182.84 
0.996551 0.0406643 -0.0723341 67.5833 -0.0420333 0.998963 -0.0175048 -6.31619 0.0715473 0.0204848 0.997227 183.652 
0.996759 0.0302266 -0.0745464 67.5254 -0.0319194 0.999257 -0.0216214 -6.33208 0.0738374 0.0239308 0.996983 184.539 
0.996592 0.0324808 -0.075819 67.4684 -0.0338569 0.999283 -0.0169355 -6.35679 0.0752146 0.0194448 0.996978 185.382 
0.996295 0.0391923 -0.0765472 67.3802 -0.039785 0.999189 -0.00623323 -6.37507 0.0762408 0.00925557 0.997046 186.248 
0.996116 0.041195 -0.0778156 67.3167 -0.0415129 0.999135 -0.00247182 -6.4055 0.0776464 0.00569258 0.996965 187.072 
0.996092 0.0400698 -0.0787133 67.2505 -0.0406527 0.999156 -0.0058164 -6.4235 0.0784139 0.00899358 0.99688 187.91 
0.996111 0.039388 -0.0788162 67.1779 -0.0404892 0.999103 -0.0124209 -6.43071 0.0782562 0.0155638 0.996812 188.75 
0.995779 0.0465645 -0.0790978 67.1049 -0.0476786 0.998788 -0.0122544 -6.45499 0.0784313 0.0159739 0.996792 189.576 
0.99564 0.0493445 -0.0791565 67.0221 -0.0502379 0.998694 -0.00933369 -6.47353 0.0785925 0.0132697 0.996819 190.413 
0.995466 0.0520753 -0.0795936 66.9359 -0.0527194 0.998591 -0.00601139 -6.49544 0.0791684 0.0101803 0.996809 191.197 
0.995347 0.0544762 -0.079481 66.8561 -0.0548891 0.998488 -0.00301757 -6.5147 0.0791964 0.00736617 0.996832 192.01 
0.995108 0.0575253 -0.0803137 66.7746 -0.05801 0.998309 -0.00371298 -6.51955 0.0799643 0.00835381 0.996763 192.885 
0.995269 0.0539025 -0.0808289 66.6894 -0.0546612 0.998479 -0.00720167 -6.54226 0.0803178 0.0115858 0.996702 193.681 
