1 0 0 0 0 1 0 0 0 0 1 0 
0.999993 -0.0021786 -0.00313325 -0.00901374 0.00217109 0.999995 -0.00239772 0.00177281 0.00313846 0.0023909 0.999992 0.685676 
0.999973 -0.000695302 -0.00736443 -0.016602 0.000666415 0.999992 -0.00392431 -0.00404579 0.0073671 0.00391929 0.999965 1.3803 
0.999935 -0.000615 -0.0114231 -0.0238407 0.000556044 0.999987 -0.00516363 -0.0124575 0.0114262 0.00515694 0.999921 2.08073 
0.999867 0.000509612 -0.0163013 -0.0429222 -0.000599456 0.999985 -0.00550707 -0.0232832 0.0162982 0.00551611 0.999852 2.81973 
0.999773 -0.000493969 -0.0212885 -0.0539925 0.000374204 0.999984 -0.00562942 -0.0352578 0.021291 0.00562017 0.999758 3.57883 
0.999653 0.00133323 -0.0262929 -0.0653568 -0.00150706 0.999977 -0.0065924 -0.0543909 0.0262835 0.00662974 0.999633 4.36069 
0.999507 0.00468948 -0.0310552 -0.118038 -0.00491786 0.999961 -0.00728156 -0.0569665 0.0310198 0.00743069 0.999491 5.1687 
0.999373 0.00585184 -0.0349137 -0.165438 -0.00605089 0.999966 -0.00559831 -0.0755177 0.0348797 0.00580606 0.999375 5.92651 
0.99921 0.00403697 -0.0395422 -0.218759 -0.0041467 0.999988 -0.00269354 -0.0757712 0.0395308 0.00285538 0.999214 6.80338 
0.999098 0.0030095 -0.0423685 -0.322281 -0.00304208 0.999995 -0.000704513 -0.0576664 0.0423661 0.000832765 0.999102 7.72335 
0.998965 0.00578714 -0.0451064 -0.356648 -0.00585179 0.999982 -0.00130134 -0.0811348 0.045098 0.00156395 0.998981 8.51749 
0.998862 0.00637918 -0.0472603 -0.384906 -0.00644488 0.999978 -0.00123787 -0.102576 0.0472514 0.00154105 0.998882 9.29404 
0.998793 0.00437409 -0.0489279 -0.430306 -0.00446002 0.999989 -0.00164707 -0.113462 0.0489201 0.0018633 0.998801 10.1551 
0.998671 0.00809919 -0.0508942 -0.468358 -0.00818003 0.999966 -0.00138024 -0.141163 0.0508812 0.00179472 0.998703 10.9629 
0.998609 0.00504957 -0.0524869 -0.509595 -0.00512058 0.999986 -0.00121841 -0.14451 0.0524801 0.00148548 0.998621 11.8023 
0.998496 0.00441569 -0.0546486 -0.567239 -0.00460551 0.999984 -0.00334793 -0.134178 0.054633 0.00359458 0.9985 12.7018 
0.998433 0.00493373 -0.0557477 -0.632404 -0.00526856 0.999969 -0.00586088 -0.156077 0.055717 0.00614541 0.998428 13.5739 
0.998304 0.011086 -0.0571552 -0.704421 -0.0115564 0.999902 -0.00790656 -0.167871 0.057062 0.00855366 0.998334 14.4628 
0.998237 0.0104518 -0.0584346 -0.750863 -0.0109076 0.999912 -0.00748622 -0.167105 0.0583512 0.0081104 0.998263 15.3395 
0.998195 0.00880901 -0.0594124 -0.856244 -0.009202 0.999938 -0.00634432 -0.168212 0.0593528 0.00687958 0.998213 16.3081 
0.998149 0.00837068 -0.0602401 -0.95503 -0.00866376 0.999952 -0.00460567 -0.176982 0.0601987 0.00511905 0.998173 17.2504 
0.998085 0.00811012 -0.0613154 -0.994379 -0.00840052 0.999955 -0.00448 -0.190893 0.0612763 0.00498651 0.998108 18.0982 
0.997949 0.00664393 -0.0636673 -1.00473 -0.00698603 0.999962 -0.00515224 -0.19968 0.0636307 0.00558646 0.997958 18.9607 
0.997908 0.00529092 -0.0644348 -1.07091 -0.00567089 0.999968 -0.0057155 -0.208591 0.0644024 0.00606895 0.997906 19.8623 
0.997866 0.00891665 -0.0646877 -1.16261 -0.00921069 0.999949 -0.0042488 -0.2469 0.0646465 0.00483555 0.997897 20.849 
0.99785 0.011526 -0.0645234 -1.1822 -0.0116304 0.999932 -0.00124357 -0.261562 0.0645047 0.00199133 0.997915 21.6684 
0.997924 0.00820237 -0.0638753 -1.26419 -0.00804944 0.999964 0.0026511 -0.246443 0.0638948 -0.00213144 0.997954 22.6245 
0.998052 0.00620253 -0.0620808 -1.35543 -0.00587642 0.999968 0.00543415 -0.242645 0.0621125 -0.00505875 0.998056 23.6029 
0.998096 0.00642371 -0.0613429 -1.36621 -0.00603159 0.99996 0.00657528 -0.250913 0.0613827 -0.00619277 0.998095 24.4872 
0.9982 0.0080484 -0.0594354 -1.45581 -0.00786797 0.999964 0.00326911 -0.259678 0.0594595 -0.00279559 0.998227 25.4669 
0.99826 0.00690484 -0.0585605 -1.52517 -0.00701602 0.999974 -0.00169325 -0.25262 0.0585473 0.00210116 0.998282 26.4362 
0.998317 0.00528721 -0.0577469 -1.56749 -0.00555825 0.999974 -0.00453392 -0.251453 0.0577214 0.00484726 0.998321 27.3692 
0.998396 0.00295749 -0.0565335 -1.67751 -0.00314195 0.99999 -0.00317431 -0.278052 0.0565235 0.00334684 0.998396 28.4268 
0.99841 0.000806681 -0.0563549 -1.7513 -0.000701985 0.999998 0.00187756 -0.285686 0.0563563 -0.00183502 0.998409 29.4129 
0.998323 -0.00127085 -0.0578759 -1.75509 0.00159211 0.999984 0.00550495 -0.314111 0.057868 -0.00558787 0.998309 30.3411 
0.998256 -0.0102067 -0.0581486 -1.84267 0.0104859 0.999935 0.00449926 -0.302967 0.0580989 -0.00510115 0.998298 31.3156 
0.998145 -0.010957 -0.0598861 -1.90025 0.0110287 0.999939 0.000866648 -0.334029 0.0598729 -0.00152551 0.998205 32.3309 
0.998039 -0.0123495 -0.0613596 -1.9696 0.0121726 0.999921 -0.00325621 -0.313001 0.0613949 0.00250292 0.99811 33.3026 
0.997949 -0.0112749 -0.0630151 -2.05265 0.0110611 0.999932 -0.00374001 -0.326565 0.063053 0.00303532 0.998006 34.2737 
0.997899 -0.0103517 -0.0639519 -2.12007 0.0102528 0.999946 -0.00187463 -0.355946 0.0639678 0.00121501 0.997951 35.2871 
0.997866 -0.00768971 -0.0648466 -2.21051 0.00775144 0.99997 0.000700447 -0.357206 0.0648392 -0.00120161 0.997895 36.2941 
0.997786 -0.00761848 -0.0660726 -2.28347 0.00776545 0.999968 0.00196774 -0.373097 0.0660555 -0.00247647 0.997813 37.2934 
0.997733 -0.00578262 -0.0670522 -2.35498 0.00609223 0.999972 0.00441392 -0.378176 0.0670248 -0.00481241 0.99774 38.293 
0.997737 -0.00608321 -0.0669623 -2.4151 0.00661932 0.999948 0.0077873 -0.388973 0.0669115 -0.00821292 0.997725 39.2443 
0.997677 3.16866e-05 -0.0681199 -2.47276 0.000641437 0.999951 0.00985956 -0.393548 0.0681169 -0.00988035 0.997628 40.2816 
0.997645 -0.000711491 -0.0685883 -2.53935 0.00136579 0.999954 0.00949303 -0.404345 0.0685784 -0.00956434 0.9976 41.2969 
0.997645 0.00128151 -0.068579 -2.60665 -0.000768277 0.999972 0.0075097 -0.419116 0.0685867 -0.00743933 0.997617 42.3008 
0.997691 0.00482703 -0.0677434 -2.7137 -0.00446804 0.999975 0.00544972 -0.442193 0.067768 -0.00513446 0.997688 43.3002 
0.997592 0.00517397 -0.069157 -2.74572 -0.00478745 0.999972 0.00575367 -0.458591 0.0691849 -0.00540874 0.997589 44.2451 
0.99752 0.00402851 -0.0702621 -2.81417 -0.00357081 0.999972 0.00663865 -0.47086 0.0702868 -0.0063713 0.997506 45.2435 
0.997483 0.00347146 -0.0708182 -2.9194 -0.00289363 0.999962 0.00826039 -0.478916 0.0708442 -0.00803468 0.997455 46.2564 
0.997432 0.00687236 -0.0712829 -2.96916 -0.00656154 0.999968 0.0045936 -0.490821 0.0713122 -0.00411408 0.997446 47.2099 
0.997376 0.0083602 -0.0719077 -3.05115 -0.00837166 0.999965 0.000142004 -0.498957 0.0719064 0.000460355 0.997411 48.1573 
0.997299 0.0104751 -0.0727003 -3.11227 -0.0105906 0.999943 -0.00120276 -0.518736 0.0726836 0.00196945 0.997353 49.1003 
0.997372 0.00500938 -0.0722762 -3.26619 -0.00485077 0.999985 0.00236987 -0.491064 0.0722871 -0.00201304 0.997382 50.2072 
0.99734 0.00375174 -0.0727882 -3.33165 -0.00335116 0.999979 0.00562474 -0.51427 0.0728077 -0.00536586 0.997332 51.1994 
0.997362 0.00256937 -0.0725426 -3.42254 -0.00212057 0.999978 0.00626302 -0.530131 0.0725571 -0.00609267 0.997346 52.187 
0.997321 0.000364022 -0.0731453 -3.48231 1.62025e-05 0.999986 0.00519755 -0.543379 0.0731462 -0.00518481 0.997308 53.1418 
0.997279 -0.000695266 -0.0737115 -3.53162 0.00100417 0.999991 0.00415378 -0.576285 0.073708 -0.00421649 0.997271 54.0611 
0.997227 -0.00214005 -0.0743859 -3.63218 0.00253635 0.999983 0.00523366 -0.588064 0.0743734 -0.00540781 0.997216 55.0531 
0.997128 -0.00698676 -0.0754105 -3.69331 0.00770139 0.999928 0.0091898 -0.571142 0.0753409 -0.00974417 0.99711 55.9824 
0.997056 -0.0067109 -0.0763789 -3.74463 0.00781898 0.999868 0.0142179 -0.584074 0.0762734 -0.0147732 0.996977 56.9046 
0.997018 -0.00508729 -0.0770062 -3.81957 0.00637276 0.999844 0.0164565 -0.589117 0.0769105 -0.0168982 0.996895 57.8649 
0.996929 -0.00352095 -0.0782253 -3.90535 0.00452356 0.99991 0.0126434 -0.597142 0.0781738 -0.0129585 0.996856 58.8035 
0.99685 -0.000509468 -0.0793067 -4.00859 0.000905999 0.999987 0.00496406 -0.619599 0.0793031 -0.00502028 0.996838 59.7255 
0.996764 4.00851e-05 -0.0803877 -4.0819 -5.51259e-05 1 -0.000184884 -0.606461 0.0803877 0.000188717 0.996764 60.6554 
0.996672 0.00629377 -0.0812678 -4.16754 -0.00621461 0.99998 0.00122687 -0.647218 0.0812739 -0.000717741 0.996692 61.5437 
0.996632 0.0077367 -0.0816362 -4.27001 -0.0075053 0.999967 0.00314106 -0.636642 0.0816578 -0.00251778 0.996657 62.4089 
0.996574 0.00988186 -0.0821101 -4.37543 -0.00950209 0.999942 0.00501459 -0.652854 0.0821549 -0.0042172 0.996611 63.2752 
0.996456 0.0112683 -0.0833581 -4.4504 -0.0109214 0.99993 0.00461554 -0.669075 0.0834042 -0.00368879 0.996509 64.1373 
0.996306 0.0126806 -0.0849357 -4.52948 -0.0122663 0.99991 0.00539844 -0.670063 0.0849965 -0.00433665 0.996372 64.9788 
0.99623 0.0130697 -0.0857562 -4.64805 -0.0125778 0.999901 0.00627322 -0.688503 0.0858297 -0.00517094 0.996296 65.8418 
0.996097 0.0130236 -0.0872937 -4.72119 -0.0124657 0.999898 0.00693285 -0.707343 0.0873751 -0.00581762 0.996158 66.6719 
0.99606 0.0118612 -0.0878905 -4.83043 -0.011213 0.999906 0.00786547 -0.710879 0.0879756 -0.00684897 0.996099 67.468 
0.995877 0.015367 -0.0894019 -4.89418 -0.0145226 0.999844 0.0100882 -0.697078 0.0895429 -0.00874825 0.995945 68.2568 
0.995724 0.0166717 -0.0908565 -4.96591 -0.0154543 0.999781 0.014086 -0.697236 0.0910715 -0.0126216 0.995764 69.0429 
0.995546 0.0197012 -0.0921926 -5.0649 -0.0183056 0.999705 0.0159582 -0.699332 0.0924798 -0.0141995 0.995613 69.8016 
0.995383 0.0213493 -0.0935737 -5.14759 -0.0203011 0.99972 0.0121392 -0.714054 0.0938067 -0.0101836 0.995538 70.5523 
0.995204 0.0224667 -0.0952016 -5.2213 -0.0220972 0.999744 0.00493398 -0.724712 0.095288 -0.00280663 0.995446 71.277 
0.995165 0.0202254 -0.0961102 -5.31991 -0.0204076 0.999791 -0.00091256 -0.728439 0.0960717 0.00286952 0.99537 72.0017 
0.9951 0.0211109 -0.0965896 -5.39587 -0.0214075 0.999769 -0.00203534 -0.734018 0.0965243 0.00409311 0.995322 72.6833 
0.995006 0.0243653 -0.0967931 -5.48398 -0.0243924 0.999702 0.00090367 -0.733354 0.0967862 0.00146186 0.995304 73.3491 
0.994874 0.0246481 -0.0980746 -5.55871 -0.0244129 0.999695 0.00359728 -0.753602 0.0981334 -0.00118455 0.995173 74.0175 
0.994899 0.0212019 -0.0986209 -5.64722 -0.0212921 0.999773 0.000137994 -0.764212 0.0986015 0.00196256 0.995125 74.663 
0.995046 0.0128994 -0.0985716 -5.69989 -0.013424 0.999899 -0.00466043 -0.785584 0.0985016 0.00596057 0.995119 75.2656 
0.995225 0.00893879 -0.0971982 -5.76816 -0.00993966 0.999902 -0.00981789 -0.790357 0.0971009 0.0107371 0.995217 75.8618 
0.995468 0.0110261 -0.0944508 -5.80944 -0.0119969 0.999881 -0.00971673 -0.808149 0.0943324 0.0108058 0.995482 76.4191 
0.995791 0.016157 -0.0902136 -5.88349 -0.0168482 0.999834 -0.00690585 -0.819334 0.0900871 0.00839673 0.995898 76.9975 
0.996248 0.0146708 -0.0852906 -5.93453 -0.015106 0.999876 -0.00446024 -0.817951 0.0852146 0.00573191 0.996346 77.5509 
0.996776 0.0109196 -0.0794941 -5.97644 -0.0109338 0.99994 0.00025733 -0.83196 0.0794922 0.000612671 0.996835 78.1058 
0.997415 0.00688944 -0.0715271 -5.99829 -0.00663497 0.999971 0.00379466 -0.849584 0.0715512 -0.00331027 0.997431 78.6477 
0.998087 0.0116221 -0.0607248 -6.0309 -0.011414 0.999928 0.00377165 -0.876248 0.0607643 -0.00307132 0.998147 79.1642 
0.998827 0.0165844 -0.0454916 -6.05758 -0.0164663 0.99986 0.00296898 -0.877138 0.0455344 -0.00221642 0.99896 79.6731 
0.99942 0.0204527 -0.0272286 -6.06809 -0.0203639 0.999786 0.00353336 -0.870843 0.0272951 -0.00297683 0.999623 80.1348 
0.999789 0.0198935 -0.0051859 -6.06425 -0.0198738 0.999795 0.00381979 -0.883142 0.00526083 -0.00371592 0.999979 80.6408 
0.999666 0.0152339 0.020859 -6.02437 -0.0153407 0.99987 0.00496827 -0.898065 -0.0207806 -0.0052866 0.99977 81.1089 
0.998641 0.0143919 0.0500932 -5.9732 -0.0147117 0.999874 0.00602075 -0.894231 -0.0500002 -0.00674953 0.998726 81.5744 
0.996457 0.0147507 0.0827992 -5.90379 -0.0153616 0.999859 0.00674658 -0.890499 -0.0826881 -0.00799461 0.996543 82.0367 
0.992698 0.0145857 0.119745 -5.81397 -0.0155673 0.999852 0.00726615 -0.900267 -0.119621 -0.00907719 0.992778 82.4757 
0.986707 0.0140156 0.161902 -5.73456 -0.015413 0.999854 0.00737826 -0.911422 -0.161775 -0.00977557 0.986779 82.8925 
0.978165 0.0153237 0.207263 -5.60787 -0.0169615 0.999837 0.00612729 -0.904247 -0.207136 -0.009509 0.978266 83.333 
0.966195 0.0173284 0.257231 -5.50868 -0.0189303 0.999814 0.00375226 -0.909837 -0.257118 -0.00849488 0.966343 83.7185 
0.950362 0.0178669 0.310633 -5.36594 -0.0191817 0.999815 0.00117804 -0.925008 -0.310555 -0.00707805 0.950529 84.0903 
0.930234 0.0185099 0.366501 -5.18813 -0.0192149 0.999814 -0.00172468 -0.92878 -0.366465 -0.00543794 0.930416 84.4524 
0.905829 0.018245 0.423251 -4.99908 -0.0187869 0.999819 -0.00289186 -0.947218 -0.423227 -0.00533205 0.906008 84.7786 
0.87611 0.018955 0.481739 -4.78031 -0.0181628 0.999815 -0.00630802 -0.944918 -0.48177 -0.00322323 0.876292 85.1181 
0.842596 0.0175963 0.538258 -4.5461 -0.0157424 0.999844 -0.00804271 -0.957309 -0.538316 -0.00169672 0.842741 85.4103 
0.805518 0.0174025 0.592316 -4.27969 -0.0149146 0.999847 -0.00909285 -0.971925 -0.592383 -0.00150969 0.805655 85.6942 
0.765169 0.0175467 0.64359 -4.00206 -0.0141441 0.999845 -0.0104435 -0.965393 -0.643674 -0.00111197 0.765299 85.9638 
0.722476 0.0170089 0.691186 -3.70966 -0.0156374 0.999844 -0.00825911 -0.976273 -0.691219 -0.00484138 0.722629 86.2053 
0.677203 0.016162 0.735618 -3.40576 -0.0150407 0.999854 -0.00812109 -0.987767 -0.735642 -0.00556456 0.677348 86.4195 
0.630105 0.0151183 0.776363 -3.10109 -0.0123191 0.999879 -0.00947257 -1.00036 -0.776412 -0.00359539 0.630215 86.625 
0.582861 0.0128626 0.81247 -2.77613 -0.00597575 0.999916 -0.0115432 -1.00278 -0.81255 0.00187296 0.582889 86.8015 
0.535741 0.014865 0.844252 -2.4366 -0.00850182 0.999889 -0.0122103 -1.01859 -0.84434 -0.000636102 0.535808 86.9739 
0.488074 0.0175763 0.872625 -2.10895 -0.01172 0.999839 -0.0135835 -1.03152 -0.872723 -0.00359739 0.488202 87.1291 
0.442319 0.0199072 0.896637 -1.76024 -0.0121803 0.999795 -0.0161889 -1.03799 -0.896775 -0.00376061 0.44247 87.2619 
0.400019 0.0173816 0.916342 -1.41504 -0.00539302 0.999847 -0.0166113 -1.05155 -0.916491 0.00170297 0.400051 87.3648 
0.360336 0.00995287 0.932769 -1.04238 0.00999307 0.999845 -0.014529 -1.05364 -0.932769 0.0145565 0.360181 87.452 
0.325024 0.0063678 0.945684 -0.678982 0.0148009 0.999821 -0.0118193 -1.05911 -0.94559 0.0178386 0.324871 87.5418 
0.291851 0.00998472 0.956412 -0.338 0.012151 0.999826 -0.0141459 -1.07626 -0.956386 0.0157498 0.291679 87.6266 
0.260546 0.017896 0.965296 0.0425992 0.000887703 0.999823 -0.0187757 -1.09289 -0.965461 0.00574884 0.260484 87.7285 
0.231889 0.0222199 0.972488 0.439338 -0.00313909 0.999751 -0.0220942 -1.10774 -0.972737 0.00207069 0.231901 87.8263 
0.20686 0.0239347 0.978078 0.804057 -0.00067963 0.999704 -0.0243202 -1.12254 -0.97837 0.00436616 0.206815 87.8661 
0.184147 0.0250978 0.982578 1.23592 0.00738293 0.99961 -0.0269165 -1.15072 -0.982871 0.0122109 0.18389 87.8902 
0.163839 0.031288 0.985991 1.66324 0.0147154 0.999308 -0.0341558 -1.16245 -0.986377 0.0201053 0.163265 87.9397 
0.143966 0.038082 0.98885 2.03967 0.0152444 0.999055 -0.0406945 -1.16489 -0.989465 0.020933 0.143249 87.9851 
0.126491 0.0383706 0.991225 2.45311 0.0139253 0.999084 -0.0404518 -1.19992 -0.99187 0.0189199 0.125841 88.0407 
0.111928 0.0341715 0.993129 2.93557 0.0127942 0.999276 -0.0358249 -1.21657 -0.993634 0.0167161 0.11141 88.0335 
0.0965049 0.0309155 0.994852 3.3184 0.011206 0.99942 -0.0321444 -1.23816 -0.995269 0.0142504 0.0961025 88.1044 
0.0832986 0.0292268 0.996096 3.86615 0.0160062 0.999402 -0.0306624 -1.22381 -0.996396 0.0184979 0.082781 88.154 
0.0729981 0.0281617 0.996934 4.34571 0.0203901 0.99935 -0.029723 -1.24805 -0.997124 0.0224973 0.0723764 88.1179 
0.0627308 0.0291265 0.997605 4.91285 0.0244119 0.99923 -0.030709 -1.24933 -0.997732 0.0262798 0.0619714 88.1559 
0.0548621 0.0292343 0.998066 5.42781 0.0287997 0.999109 -0.030848 -1.29536 -0.998079 0.0304364 0.0539712 88.1899 
0.0486949 0.0291309 0.998389 5.87627 0.0280933 0.999139 -0.030523 -1.32033 -0.998419 0.0295344 0.0478346 88.2221 
0.0435018 0.0296864 0.998612 6.37814 0.0280471 0.999128 -0.0309235 -1.35953 -0.99866 0.0293534 0.0426313 88.2171 
0.0375136 0.03057 0.998828 7.00988 0.0301602 0.999042 -0.0317093 -1.38583 -0.998841 0.0313144 0.0365556 88.2535 
0.0337113 0.0307681 0.998958 7.61274 0.032235 0.998973 -0.0318563 -1.39047 -0.998912 0.0332753 0.0326849 88.2374 
0.0306426 0.0303738 0.999069 8.19957 0.0348711 0.998897 -0.0314381 -1.43274 -0.998922 0.035802 0.0295496 88.2649 
0.0282482 0.0305497 0.999134 8.7961 0.0348779 0.998894 -0.0315284 -1.42325 -0.998992 0.0357384 0.0271514 88.2452 
0.025296 0.0293711 0.999248 9.42707 0.0343933 0.998951 -0.030233 -1.48266 -0.999088 0.0351322 0.0242593 88.2649 
0.0243543 0.0291903 0.999277 10.1801 0.0411232 0.998698 -0.0301757 -1.5021 -0.998857 0.0418284 0.0231222 88.3216 
0.0262029 0.0289398 0.999238 10.7392 0.0446794 0.998548 -0.0300915 -1.51119 -0.998658 0.0454338 0.0248719 88.2772 
0.0281272 0.0280558 0.999211 11.4625 0.0448034 0.998566 -0.0292989 -1.5811 -0.9986 0.0455921 0.0268299 88.3063 
0.0308462 0.0278174 0.999137 12.247 0.047365 0.998449 -0.0292605 -1.6124 -0.998401 0.0482267 0.0294808 88.39 
0.0361168 0.0274179 0.998971 12.8729 0.0478471 0.99843 -0.0291329 -1.62239 -0.998201 0.0488501 0.0347483 88.359 
0.0396687 0.0257873 0.99888 13.6696 0.0488833 0.99842 -0.0277167 -1.66504 -0.998016 0.0499281 0.0383455 88.4131 
0.0442604 0.0240766 0.99873 14.4627 0.048963 0.998456 -0.0262398 -1.69325 -0.997819 0.0500622 0.0430132 88.4261 
0.0485699 0.0214407 0.99859 15.1573 0.0463405 0.998645 -0.0236958 -1.72728 -0.997744 0.047426 0.0475105 88.448 
0.0520627 0.0205316 0.998433 15.9366 0.0449053 0.998729 -0.0228792 -1.74168 -0.997634 0.0460261 0.0510745 88.5133 
0.0555582 0.0213576 0.998227 16.7471 0.0404106 0.998904 -0.0236212 -1.77922 -0.997637 0.0416513 0.0546342 88.5781 
0.059185 0.0255818 0.997919 17.5499 0.0387528 0.998859 -0.0279043 -1.80419 -0.997495 0.0403237 0.0581262 88.6235 
0.0605531 0.0302811 0.997706 18.3358 0.0302686 0.999024 -0.0321582 -1.86223 -0.997706 0.0321464 0.0595775 88.6664 
0.0610329 0.0322381 0.997615 19.1056 0.0255975 0.999099 -0.0338521 -1.92741 -0.997807 0.0276025 0.0601527 88.6812 
0.0606453 0.0328549 0.997619 19.9901 0.0252526 0.999088 -0.0344384 -1.93281 -0.99784 0.027281 0.0597604 88.7808 
0.0608874 0.0306715 0.997673 20.7739 0.0220345 0.999243 -0.0320645 -1.98006 -0.997901 0.0239356 0.0601654 88.818 
0.0610107 0.0298031 0.997692 21.5985 0.0247414 0.999202 -0.0313612 -2.0028 -0.99783 0.0265977 0.0602247 88.8751 
0.0613869 0.0287108 0.997701 22.4403 0.021499 0.999316 -0.0300801 -2.05032 -0.997882 0.0232961 0.0607276 88.936 
0.0617892 0.0292679 0.99766 23.2676 0.020217 0.999328 -0.0305689 -2.08359 -0.997884 0.0220586 0.0611559 88.9878 
0.0619697 0.0292831 0.997648 24.0357 0.0161567 0.999409 -0.0303384 -2.12691 -0.997947 0.0179988 0.06146 89.0257 
0.060917 0.0313626 0.99765 24.8551 0.0145961 0.999371 -0.032308 -2.13854 -0.998036 0.0165299 0.0604209 89.0748 
0.0575792 0.0302527 0.997882 25.6694 0.0105312 0.999467 -0.0309084 -2.20381 -0.998285 0.0122885 0.0572299 89.1452 
0.0535461 0.0298454 0.998119 26.4985 0.00851801 0.999503 -0.0303437 -2.21488 -0.998529 0.0101268 0.0532653 89.2025 
0.0490379 0.0263099 0.99845 27.2851 0.00550734 0.999631 -0.0266114 -2.26702 -0.998782 0.00680378 0.0488749 89.2283 
0.0425294 0.0243829 0.998798 28.1171 0.00392706 0.99969 -0.0245719 -2.2951 -0.999087 0.00496736 0.0424204 89.2773 
0.0353579 0.0249019 0.999064 28.9199 0.00443194 0.999676 -0.025074 -2.3215 -0.999365 0.00531436 0.0352361 89.3019 
0.0266544 0.0259425 0.999308 29.7182 0.00483249 0.999648 -0.0260802 -2.34399 -0.999633 0.0055243 0.0265197 89.3262 
0.0167883 0.026449 0.999509 30.5174 0.00497946 0.999635 -0.026536 -2.37509 -0.999847 0.00542251 0.0166505 89.3354 
0.00720089 0.0258071 0.999641 31.3102 0.00874395 0.999627 -0.0258697 -2.40205 -0.999936 0.0089271 0.00697254 89.3294 
-0.00411707 0.0243175 0.999696 32.1145 0.00565973 0.999689 -0.024294 -2.44573 -0.999976 0.00555799 -0.00425342 89.3343 
-0.0148468 0.0235318 0.999613 32.9008 0.00799185 0.999694 -0.023415 -2.47945 -0.999858 0.00764112 -0.0150304 89.3166 
-0.0257735 0.0236228 0.999389 33.6519 0.00826528 0.999692 -0.0234168 -2.51045 -0.999634 0.00765669 -0.0259608 89.2874 
-0.0365857 0.024495 0.99903 34.4476 0.00981255 0.99966 -0.0241511 -2.53592 -0.999282 0.00891945 -0.0368137 89.262 
-0.0466724 0.0256917 0.99858 35.208 0.00739643 0.999651 -0.0253736 -2.55265 -0.998883 0.00620168 -0.0468461 89.2047 
-0.0568385 0.0265409 0.998031 35.983 0.00798591 0.999627 -0.0261286 -2.58484 -0.998351 0.00648507 -0.0570292 89.1533 
-0.0662267 0.0271812 0.997434 36.7436 0.00784498 0.999612 -0.0267197 -2.61336 -0.997774 0.0060553 -0.0664142 89.092 
-0.0765384 0.0276255 0.996684 37.5109 0.00815901 0.9996 -0.0270798 -2.65516 -0.997033 0.00605931 -0.0767332 89.0458 
-0.0850074 0.028075 0.995985 38.2753 0.0103129 0.999574 -0.0272959 -2.68272 -0.996327 0.00795114 -0.0852608 88.9594 
-0.0938325 0.0276249 0.995205 38.9877 0.0111613 0.999581 -0.0266941 -2.71148 -0.995525 0.00860298 -0.0941015 88.891 
-0.100757 0.0260233 0.994571 39.7426 0.0140906 0.999595 -0.0247273 -2.75373 -0.994811 0.0115227 -0.101082 88.8039 
-0.106021 0.0247072 0.994057 40.4737 0.0167572 0.999594 -0.0230576 -2.77705 -0.994223 0.014213 -0.106392 88.7258 
-0.110205 0.0234453 0.993632 41.1934 0.0195736 0.999579 -0.0214147 -2.79902 -0.993716 0.017089 -0.110617 88.6461 
-0.111859 0.0233954 0.993449 41.8834 0.0237624 0.9995 -0.0208624 -2.79522 -0.99344 0.0212731 -0.112359 88.5477 
-0.113918 0.0225792 0.993234 42.5479 0.023921 0.999514 -0.0199784 -2.8201 -0.993202 0.0214832 -0.114403 88.4773 
-0.114861 0.0220263 0.993137 43.2449 0.0238473 0.999527 -0.0194099 -2.86802 -0.993095 0.0214542 -0.115332 88.3971 
-0.112988 0.0233286 0.993322 43.9067 0.0243438 0.999489 -0.0207044 -2.89052 -0.993298 0.0218419 -0.113498 88.2976 
-0.110313 0.0248753 0.993586 44.5299 0.0254838 0.999429 -0.0221922 -2.91897 -0.99357 0.0228722 -0.110884 88.2355 
-0.105181 0.0250779 0.994137 45.1513 0.0246113 0.999441 -0.0226078 -2.94988 -0.994148 0.0220891 -0.105739 88.1689 
-0.0973391 0.0266576 0.994894 45.7703 0.0265256 0.999356 -0.0241819 -2.96097 -0.994898 0.0240364 -0.0979835 88.1209 
-0.0863706 0.0262136 0.995918 46.3698 0.0251695 0.999392 -0.0241222 -2.99239 -0.995945 0.0229834 -0.0869779 88.0769 
-0.0721433 0.0255948 0.997066 46.8986 0.0234445 0.999438 -0.0239593 -3.03407 -0.997119 0.0216472 -0.0727028 88.0359 
-0.0549266 0.0280105 0.998097 47.4352 0.0239938 0.999355 -0.0267254 -3.03514 -0.998202 0.0224802 -0.0555633 88.0229 
-0.0332697 0.0300797 0.998994 47.9461 0.0217011 0.999333 -0.0293673 -3.07017 -0.999211 0.0207022 -0.0339003 88.0124 
-0.00853794 0.0327894 0.999426 48.4627 0.0198631 0.999271 -0.0326146 -3.10135 -0.999766 0.0195732 -0.00918301 88.0231 
0.0188131 0.034824 0.999216 49.0221 0.0179987 0.999219 -0.035163 -3.12096 -0.999661 0.0186462 0.0181716 88.064 
0.0525423 0.0343951 0.998026 49.5456 0.0153057 0.999262 -0.0352434 -3.14453 -0.998501 0.0171273 0.0519771 88.1046 
0.0915396 0.0327557 0.995263 50.0687 0.0152877 0.999295 -0.0342945 -3.15747 -0.995684 0.0183546 0.0909743 88.1541 
0.133781 0.0275165 0.990629 50.5782 0.0112791 0.999507 -0.0292863 -3.20335 -0.990947 0.0150913 0.133404 88.2413 
0.179461 0.0239126 0.983474 51.0888 0.00874451 0.999626 -0.025901 -3.21428 -0.983726 0.0132482 0.179185 88.3536 
0.227805 0.020422 0.973493 51.5768 0.00406855 0.999751 -0.0219249 -3.24236 -0.973698 0.00895532 0.227665 88.502 
0.279711 0.0185224 0.959906 52.0749 0.000332387 0.999812 -0.0193893 -3.26669 -0.960084 0.00574247 0.279652 88.6654 
0.334446 0.0178772 0.942245 52.5799 -0.000274858 0.999822 -0.0188721 -3.28968 -0.942415 0.00605271 0.334392 88.854 
0.392664 0.0166786 0.919531 53.0084 0.0034096 0.999802 -0.0195906 -3.3326 -0.919676 0.0108277 0.392529 89.066 
0.450673 0.0178128 0.892511 53.4266 0.00536808 0.999729 -0.0226633 -3.38353 -0.892673 0.0150048 0.450455 89.3476 
0.509133 0.0185664 0.860487 53.8057 0.0081388 0.999619 -0.026384 -3.43216 -0.860649 0.0204363 0.508788 89.6359 
0.568613 0.023024 0.822283 54.1858 0.00453127 0.999505 -0.0311197 -3.43827 -0.822593 0.021421 0.568227 89.9178 
0.624852 0.0255756 0.780324 54.5307 0.00100552 0.999436 -0.0335623 -3.45431 -0.780742 0.0217561 0.624474 90.2339 
0.677409 0.0255686 0.735162 54.8232 0.000576179 0.999377 -0.0352887 -3.46812 -0.735606 0.0243285 0.676972 90.558 
0.726944 0.0238392 0.686283 55.1335 0.000129274 0.999392 -0.0348525 -3.48141 -0.686697 0.0254245 0.726499 90.9217 
0.771963 0.0209654 0.635322 55.3977 -0.00231561 0.999542 -0.0301708 -3.49388 -0.635664 0.0218196 0.771658 91.3073 
0.813267 0.0160632 0.581669 55.6467 -0.00289363 0.999718 -0.0235621 -3.50496 -0.581884 0.0174791 0.813084 91.7038 
0.849745 0.0154451 0.526967 55.8538 -0.00716429 0.999817 -0.0177514 -3.51431 -0.527145 0.0113089 0.8497 92.1167 
0.880648 0.00939578 0.473677 56.051 -0.00531504 0.999936 -0.00995297 -3.53429 -0.473741 0.00624745 0.880642 92.5584 
0.905789 0.0112673 0.423579 56.158 -0.0102287 0.999937 -0.00472536 -3.55116 -0.423606 -5.25027e-05 0.905847 92.9188 
0.925857 0.011793 0.377689 56.3014 -0.0122057 0.999925 -0.00130094 -3.56419 -0.377676 -0.00340549 0.925931 93.3671 
0.941069 0.0175979 0.337755 56.4176 -0.0191214 0.999816 0.00118393 -3.56927 -0.337673 -0.00757251 0.941233 93.8081 
0.952904 0.0218977 0.30248 56.5347 -0.0229454 0.999737 -8.9952e-05 -3.56745 -0.302403 -0.00685481 0.953156 94.2785 
0.96202 0.0232234 0.27199 56.6314 -0.0240112 0.999712 -0.000431855 -3.55114 -0.271921 -0.00611535 0.9623 94.7364 
0.967996 0.0178258 0.25033 56.7296 -0.0182338 0.999834 -0.00068929 -3.5507 -0.250301 -0.00389725 0.96816 95.2364 
0.972047 0.0141656 0.23436 56.8472 -0.0145634 0.999894 -3.32568e-05 -3.55709 -0.234335 -0.00338074 0.97215 95.6903 
0.974937 0.017582 0.221784 56.9376 -0.0179036 0.99984 -0.000560683 -3.55373 -0.221758 -0.0034241 0.975096 96.2025 
0.976897 0.0236589 0.212399 57.0272 -0.0241477 0.999708 -0.000292632 -3.54859 -0.212344 -0.00484308 0.977183 96.7121 
0.978032 0.031613 0.206046 57.1225 -0.0319413 0.999488 -0.00173358 -3.54828 -0.205995 -0.00488587 0.978541 97.1574 
0.978407 0.0363958 0.203456 57.211 -0.0360606 0.999335 -0.00535551 -3.55553 -0.203516 -0.0020969 0.979069 97.7532 
0.978496 0.0395688 0.202434 57.316 -0.0388708 0.999217 -0.0074241 -3.57929 -0.202569 -0.000604308 0.979268 98.2288 
0.978066 0.0377056 0.204854 57.4294 -0.0362351 0.999284 -0.0109263 -3.594 -0.205119 0.00326368 0.978732 98.8017 
0.977124 0.0362869 0.209554 57.5223 -0.0333649 0.999291 -0.0174635 -3.59996 -0.210039 0.0100722 0.977641 99.3601 
0.976333 0.0362242 0.21322 57.6646 -0.032192 0.999232 -0.0223537 -3.59868 -0.213866 0.0149606 0.976749 99.9361 
0.975246 0.0398526 0.2175 57.7734 -0.0359937 0.999117 -0.0216769 -3.6252 -0.218172 0.0133117 0.97582 100.46 
0.973691 0.0445439 0.223476 57.8938 -0.0416541 0.998977 -0.0176312 -3.63955 -0.224032 0.00785868 0.97455 101.07 
0.972868 0.0408517 0.227726 58.0441 -0.0389215 0.999158 -0.012962 -3.65145 -0.228064 0.00374687 0.973639 101.63 
0.972181 0.0362848 0.231402 58.2022 -0.0355396 0.999341 -0.00738953 -3.66266 -0.231517 -0.00103996 0.97283 102.264 
0.9714 0.0340725 0.234992 58.3552 -0.0344038 0.999404 -0.00269064 -3.67344 -0.234943 -0.00547092 0.971994 102.878 
0.970803 0.0292288 0.238093 58.5205 -0.0295516 0.999561 -0.00221451 -3.68121 -0.238053 -0.00488616 0.97124 103.537 
0.970848 0.0262469 0.238255 58.6702 -0.0257413 0.999655 -0.00523373 -3.69826 -0.23831 -0.00105184 0.971189 104.143 
0.970933 0.0252719 0.238013 58.8259 -0.023053 0.999661 -0.0121021 -3.71233 -0.238238 0.00626339 0.971187 104.821 
0.971021 0.0283026 0.237312 58.9776 -0.0245033 0.99952 -0.0189451 -3.71726 -0.237735 0.0125811 0.971249 105.464 
0.971698 0.0298342 0.234336 59.1387 -0.0252114 0.999424 -0.0226992 -3.73267 -0.234878 0.0161489 0.971891 106.133 
0.972283 0.0289083 0.232012 59.3038 -0.0253497 0.999511 -0.0183056 -3.75411 -0.232428 0.0119167 0.972541 106.822 
0.972717 0.0244708 0.230699 59.4711 -0.0225668 0.999686 -0.0108887 -3.748 -0.230893 0.00538553 0.972964 107.526 
0.973255 0.0246604 0.2284 59.6179 -0.0240404 0.999696 -0.00549692 -3.76864 -0.228466 -0.000140924 0.973552 108.24 
0.973535 0.0296231 0.226612 59.7793 -0.0291117 0.99956 -0.0055989 -3.78368 -0.226678 -0.00114633 0.973969 108.982 
0.973911 0.0339892 0.22437 59.9303 -0.0324881 0.999418 -0.0103797 -3.79676 -0.224592 0.00281956 0.974449 109.687 
0.974803 0.0352416 0.220265 60.1016 -0.0325078 0.999343 -0.016025 -3.80432 -0.220685 0.00846091 0.975308 110.434 
0.975726 0.0336149 0.216401 60.2578 -0.030175 0.999361 -0.0191812 -3.80996 -0.216907 0.0121857 0.976116 111.182 
0.976634 0.0304902 0.212737 60.424 -0.0273598 0.99947 -0.0176442 -3.8232 -0.213163 0.0114115 0.97695 111.994 
0.977395 0.0267272 0.209726 60.5837 -0.0240156 0.999592 -0.0154658 -3.84922 -0.210054 0.0100795 0.977638 112.789 
0.977921 0.0258251 0.207372 60.765 -0.0238189 0.999642 -0.0121655 -3.88649 -0.207612 0.00695754 0.978187 113.563 
0.978177 0.023549 0.206433 60.9157 -0.0219422 0.999709 -0.01007 -3.88973 -0.20661 0.00532069 0.978409 114.305 
0.978415 0.0181823 0.205848 61.0945 -0.0167841 0.999823 -0.008537 -3.92037 -0.205967 0.00489775 0.978547 115.156 
0.978506 0.017966 0.205435 61.2566 -0.0169597 0.999834 -0.00665802 -3.94171 -0.20552 0.00303079 0.978648 115.969 
0.978362 0.0237107 0.205536 61.4266 -0.0224169 0.999712 -0.0086213 -3.95861 -0.205681 0.00382727 0.978612 116.792 
0.978145 0.0305217 0.205674 61.601 -0.0287267 0.999519 -0.0117085 -3.98227 -0.205932 0.00554428 0.978551 117.557 
0.977549 0.0396264 0.20695 61.749 -0.0376491 0.9992 -0.0134858 -3.99426 -0.207319 0.00539158 0.978259 118.385 
0.976773 0.0434411 0.209829 61.9102 -0.0416139 0.999048 -0.0131174 -3.99819 -0.210199 0.00408093 0.97765 119.245 
0.975823 0.0479458 0.213236 62.0678 -0.046688 0.99885 -0.0109334 -4.02748 -0.213515 0.000713443 0.976939 120.06 
0.975003 0.0481022 0.216923 62.2208 -0.0466726 0.998842 -0.011712 -4.05503 -0.217235 0.00129482 0.976118 120.96 
0.974627 0.0477395 0.218687 62.412 -0.0456483 0.998851 -0.014608 -4.07527 -0.219133 0.00425466 0.975686 121.818 
0.974735 0.0401785 0.21972 62.6127 -0.0381594 0.999181 -0.0134273 -4.08085 -0.22008 0.00470369 0.97547 122.693 
0.974873 0.0321405 0.220429 62.7874 -0.0296219 0.999453 -0.0147229 -4.10428 -0.220782 0.00782339 0.975292 123.519 
0.974494 0.032823 0.221998 62.9744 -0.0303349 0.999433 -0.0146092 -4.13406 -0.222352 0.00750227 0.974938 124.376 
0.974202 0.0358725 0.222807 63.2192 -0.0341027 0.999349 -0.0117868 -4.14956 -0.223085 0.00388445 0.974791 125.275 
0.973652 0.0379313 0.224862 63.3368 -0.037539 0.999277 -0.00602134 -4.16804 -0.224928 -0.0025784 0.974372 126.028 
0.973408 0.041697 0.225253 63.532 -0.0425191 0.999095 -0.00120239 -4.20806 -0.225099 -0.00840714 0.9743 126.853 
0.973209 0.043623 0.225747 63.838 -0.0426714 0.999048 -0.00909578 -4.17602 -0.225929 -0.000780836 0.974144 127.893 
0.973418 0.0358345 0.226213 63.944 -0.0315233 0.999247 -0.0226428 -4.23726 -0.226854 0.0149099 0.973815 128.649 
0.973684 0.0336099 0.22541 64.1396 -0.0271542 0.999129 -0.0316804 -4.24109 -0.226279 0.0247258 0.973749 129.419 
0.97381 0.0302486 0.225344 64.3121 -0.0255971 0.999395 -0.0235355 -4.25315 -0.22592 0.017151 0.973995 130.296 
0.974112 0.0228809 0.224904 64.4979 -0.0228587 0.999735 -0.00270291 -4.27419 -0.224907 -0.00250809 0.974377 131.14 
0.974463 0.0198325 0.223671 64.6941 -0.0232428 0.99965 0.0126244 -4.30147 -0.223342 -0.0175008 0.974583 131.984 
0.974456 0.0257133 0.223102 64.879 -0.0280656 0.999579 0.00737869 -4.31752 -0.222818 -0.0134517 0.974767 132.785 
0.974512 0.0339686 0.221747 65.0293 -0.0329618 0.999423 -0.00824056 -4.33829 -0.221899 0.000721337 0.975069 133.58 
0.975006 0.0338787 0.219582 65.2264 -0.03102 0.999383 -0.0164547 -4.33747 -0.220004 0.00923202 0.975455 134.366 
0.975656 0.0299147 0.217259 65.4094 -0.0267963 0.999491 -0.0172858 -4.36093 -0.217665 0.0110433 0.975961 135.164 
0.976309 0.0293774 0.214379 65.5866 -0.0265318 0.999518 -0.0161394 -4.37364 -0.21475 0.0100692 0.976617 135.986 
0.977183 0.0275061 0.210609 65.7609 -0.0244442 0.999554 -0.0171284 -4.40185 -0.210987 0.0115894 0.97742 136.781 
0.977915 0.029213 0.206953 65.8775 -0.0261327 0.999503 -0.0176028 -4.45001 -0.207365 0.0118058 0.978192 137.593 
0.978253 0.0351406 0.204418 66.0258 -0.0318358 0.999304 -0.0194342 -4.42654 -0.204958 0.0125038 0.978691 138.41 
0.978616 0.0398791 0.201793 66.1827 -0.0369133 0.999148 -0.0184403 -4.47995 -0.202356 0.0105971 0.979255 139.216 
0.978867 0.0417403 0.200194 66.3363 -0.039125 0.99909 -0.0170044 -4.49848 -0.200722 0.00881246 0.979609 140.037 
0.979016 0.0398081 0.199856 66.4715 -0.0383903 0.999203 -0.0109658 -4.54874 -0.200134 0.00306314 0.979764 140.846 
0.979425 0.0381348 0.198173 66.6327 -0.0366538 0.999266 -0.0111376 -4.56511 -0.198453 0.00364463 0.980104 141.638 
0.980077 0.0364211 0.195248 66.7976 -0.0342188 0.999307 -0.0146421 -4.57322 -0.195646 0.00766926 0.980645 142.424 
0.981084 0.0318069 0.190949 66.939 -0.0288286 0.999416 -0.0183559 -4.5929 -0.191421 0.0125039 0.981428 143.204 
0.982483 0.0286986 0.184129 67.0903 -0.025551 0.999484 -0.0194448 -4.61372 -0.184592 0.0143995 0.98271 143.985 
0.983651 0.0261457 0.178177 67.2068 -0.0240109 0.999612 -0.0141273 -4.64183 -0.178477 0.00961813 0.983897 144.787 
0.984715 0.0240313 0.172507 67.3286 -0.0232371 0.999708 -0.00662248 -4.64077 -0.172616 0.0025127 0.984986 145.586 
0.985366 0.0207262 0.169187 67.4453 -0.0215346 0.999764 0.00294487 -4.66503 -0.169086 -0.00654515 0.98558 146.394 
0.985939 0.0257813 0.165103 67.5664 -0.027182 0.999611 0.00622972 -4.67745 -0.164878 -0.01063 0.986257 147.19 
0.98671 0.0288964 0.159903 67.6979 -0.0295886 0.99956 0.00194922 -4.70086 -0.159776 -0.00665462 0.987131 147.963 
0.987861 0.0297856 0.152458 67.8074 -0.0287427 0.999546 -0.00903987 -4.70155 -0.152658 0.00454807 0.988269 148.756 
0.988876 0.0270314 0.146266 67.9217 -0.0250691 0.99957 -0.0152428 -4.69814 -0.146615 0.0114065 0.989128 149.557 
0.98983 0.0255598 0.139941 68.0136 -0.0239521 0.999626 -0.0131608 -4.73056 -0.140225 0.00967508 0.990072 150.319 
0.990537 0.0337176 0.133037 68.0949 -0.0326421 0.999414 -0.0102571 -4.75364 -0.133305 0.00581739 0.991058 151.133 
0.9915 0.0386634 0.124233 68.1981 -0.0375377 0.99923 -0.0113899 -4.77595 -0.124578 0.00662962 0.992188 151.934 
0.9926 0.0421207 0.113889 68.2889 -0.040365 0.999029 -0.0176795 -4.78777 -0.114523 0.0129515 0.993336 152.724 
0.99364 0.0387699 0.105721 68.3503 -0.0368976 0.999127 -0.019609 -4.80646 -0.106389 0.0155835 0.994203 153.544 
0.994437 0.0401676 0.0973769 68.4374 -0.0386612 0.999102 -0.0173082 -4.82847 -0.0979847 0.0134472 0.995097 154.316 
0.995167 0.0404624 0.0894677 68.5035 -0.0397655 0.999163 -0.00955892 -4.85154 -0.0897796 0.00595499 0.995944 155.183 
0.995643 0.0454121 0.0814418 68.5443 -0.0452423 0.998968 -0.0039297 -4.87688 -0.0815362 0.000227956 0.99667 155.981 
0.996304 0.043785 0.0738976 68.5975 -0.0438723 0.999037 -0.00044128 -4.88617 -0.0738458 -0.00280241 0.997266 156.796 
0.996631 0.0453499 0.0683306 68.6305 -0.0455438 0.998962 0.00128092 -4.89279 -0.0682016 -0.00438864 0.997662 157.633 
0.996992 0.0443375 0.0635753 68.697 -0.0444231 0.999013 -6.83589e-05 -4.90875 -0.0635156 -0.00275606 0.997977 158.44 
0.997036 0.0493626 0.0590179 68.7305 -0.0491169 0.998777 -0.00560845 -4.92048 -0.0592226 0.00269305 0.998241 159.266 
0.996861 0.05654 0.0554272 68.7551 -0.0559277 0.998356 -0.0125368 -4.93298 -0.0560449 0.00939752 0.998384 160.104 
0.99695 0.0578743 0.0523546 68.7919 -0.0571835 0.998257 -0.0145981 -4.95096 -0.0531082 0.0115597 0.998522 160.891 
0.99705 0.0590705 0.0490002 68.83 -0.0587118 0.998237 -0.00872851 -4.96657 -0.0494294 0.00582588 0.998761 161.719 
0.997051 0.0602728 0.0474967 68.8434 -0.0604316 0.998171 0.00191323 -4.97113 -0.0472945 -0.00477789 0.99887 162.562 
0.997197 0.0601118 0.0445521 68.8589 -0.060579 0.998121 0.00921157 -4.98 -0.0439147 -0.0118847 0.998965 163.405 
0.997595 0.0571868 0.0391538 68.9019 -0.0574717 0.998328 0.00618843 -4.99971 -0.0387344 -0.00842378 0.999214 164.226 
0.998427 0.045018 0.033415 68.9326 -0.0449208 0.998984 -0.0036551 -5.01071 -0.0335456 0.00214833 0.999435 165.031 
0.998719 0.0433943 0.0260064 68.9582 -0.0431919 0.999032 -0.00829537 -5.01716 -0.0263412 0.00716148 0.999627 165.85 
0.998725 0.0466354 0.019333 68.9604 -0.0465089 0.998894 -0.00694368 -5.02425 -0.0196355 0.00603567 0.999789 166.66 
0.998945 0.044326 0.0120281 68.9548 -0.044321 0.999017 -0.000683768 -5.03688 -0.0120466 0.000149949 0.999927 167.532 
0.999206 0.0395599 0.00476583 68.969 -0.039575 0.999212 0.00310397 -5.05674 -0.00463928 -0.00329011 0.999984 168.317 
0.999525 0.0308045 -0.000708499 68.9717 -0.0307987 0.999501 0.00704805 -5.05493 0.000925257 -0.00702289 0.999975 169.165 
0.999642 0.0257202 -0.00738196 68.9676 -0.0256677 0.999645 0.0071251 -5.0629 0.0075626 -0.00693307 0.999947 170.002 
0.999644 0.0229286 -0.0136202 68.9435 -0.0229272 0.999737 0.000257857 -5.07099 0.0136225 5.45086e-05 0.999907 170.853 
0.999652 0.0160369 -0.0209218 68.9367 -0.0162579 0.999813 -0.0104356 -5.08351 0.0207506 0.0107721 0.999727 171.658 
0.999595 0.00730844 -0.0274985 68.9234 -0.00770158 0.999869 -0.0142184 -5.10747 0.027391 0.0144244 0.999521 172.506 
0.999342 0.0127062 -0.0339598 68.9035 -0.0129462 0.999893 -0.00685496 -5.12275 0.0338691 0.0072901 0.9994 173.311 
0.998937 0.024862 -0.038815 68.8493 -0.0246307 0.999676 0.00642628 -5.14518 0.0389622 -0.00546341 0.999226 174.144 
0.998699 0.0271534 -0.0431572 68.7877 -0.0265445 0.999541 0.0146219 -5.15599 0.0435344 -0.0134573 0.998961 175.007 
0.998525 0.0271574 -0.04702 68.7454 -0.0266525 0.999581 0.0113316 -5.15467 0.047308 -0.0100617 0.99883 175.847 
0.9983 0.0315027 -0.0490334 68.7034 -0.0315171 0.999503 0.000480603 -5.16733 0.0490241 0.0010656 0.998797 176.644 
0.997784 0.0411652 -0.052277 68.6486 -0.0416654 0.999095 -0.00851359 -5.17174 0.0518792 0.0106729 0.998596 177.443 
0.997777 0.0385538 -0.0543561 68.584 -0.0392714 0.999154 -0.0121954 -5.17623 0.0538399 0.0143029 0.998447 178.31 
0.997865 0.0324368 -0.0566918 68.5443 -0.0328976 0.999433 -0.00721238 -5.19342 0.0564257 0.009062 0.998366 179.174 
0.997892 0.0321448 -0.0563724 68.5024 -0.0320917 0.999483 0.00184678 -5.21107 0.0564026 -3.37964e-05 0.998408 180 
0.997801 0.0347959 -0.0564197 68.4442 -0.0344446 0.999381 0.00718662 -5.21754 0.0566349 -0.00522746 0.998381 180.88 
0.997707 0.0350989 -0.0578671 68.3794 -0.0347912 0.999375 0.00631631 -5.22793 0.0580526 -0.00428856 0.998304 181.748 
0.997681 0.0318415 -0.0601505 68.3277 -0.0320651 0.999482 -0.00275561 -5.2395 0.0600316 0.00467795 0.998186 182.592 
0.997821 0.0211505 -0.0625047 68.2788 -0.0220897 0.999653 -0.0143734 -5.25873 0.062179 0.0157228 0.997941 183.434 
0.997847 0.0108022 -0.0646953 68.2459 -0.0120153 0.999759 -0.0183918 -5.2766 0.064481 0.0191295 0.997736 184.275 
0.997747 0.0141062 -0.0655856 68.1769 -0.0150542 0.999789 -0.0139822 -5.2923 0.0653745 0.014938 0.997749 185.142 
0.997598 0.018948 -0.0666344 68.1044 -0.0191907 0.999811 -0.00300387 -5.31542 0.0665649 0.00427541 0.997773 185.995 
0.997488 0.0204485 -0.0678141 68.0393 -0.0204581 0.999791 0.000553062 -5.33118 0.0678112 0.000835672 0.997698 186.858 
0.997428 0.0197059 -0.0689158 67.9966 -0.0199676 0.999796 -0.00310993 -5.35253 0.0688405 0.00447802 0.997618 187.661 
0.997435 0.020279 -0.0686481 67.9303 -0.0209823 0.999734 -0.00954029 -5.35883 0.0684364 0.0109562 0.997595 188.507 
0.997279 0.0260891 -0.0689463 67.841 -0.026811 0.999595 -0.00956527 -5.3748 0.0686688 0.0113878 0.997575 189.38 
0.997216 0.0273133 -0.0693802 67.7733 -0.0278379 0.999591 -0.00660474 -5.39054 0.0691714 0.00851776 0.997568 190.202 
0.997072 0.0308554 -0.0699693 67.7037 -0.0311633 0.999509 -0.0033133 -5.41042 0.0698327 0.00548407 0.997544 191.042 
0.99693 0.0352857 -0.0698953 67.6385 -0.0353957 0.999373 -0.000336198 -5.42812 0.0698396 0.00280916 0.997554 191.875 
0.996801 0.0376797 -0.0704907 67.5621 -0.0378168 0.999285 -0.0006099 -5.44562 0.0704173 0.00327368 0.997512 192.681 
